1  0  0.0005  1  
0.9999987820727674  -0.004871707941481426  0.0004999997970121115  0.9999987820727674  
0.9999953137121592  -0.01874513672230397  0.0004999992189517825  0.9999953137121592  
0.9999901229511773  -0.03950813025354321  0.0004999983538241123  0.9999901229511773  
0.9999840000426666  -0.0639996586672128  0.0004999973333376001  0.9999840000426666  
0.9999778771466528  -0.08849108710714358  0.0004999963128523374  0.9999778771466528  
0.9999726864158406  -0.1092538392804267  0.0004999954477276842  0.9999726864158406  
0.9999692180854022  -0.1231270267032931  0.0004999948696703722  0.9999692180854022  
0.9999680001706663  -0.1279986346710357  0.0004999946666837333  0.9999680001706663  
0.9999692180854022  -0.1231270267032931  0.0004999948696703722  0.9999692180854022  
0.9999726864158406  -0.1092538392804267  0.0004999954477276842  0.9999726864158406  
0.9999778771466528  -0.08849108710714362  0.0004999963128523374  0.9999778771466528  
0.9999840000426666  -0.06399965866721281  0.0004999973333376001  0.9999840000426666  
0.9999901229511773  -0.03950813025354321  0.0004999983538241123  0.9999901229511773  
0.9999953137121592  -0.01874513672230398  0.0004999992189517825  0.9999953137121592  
0.9999987820727674  -0.004871707941481443  0.0004999997970121114  0.9999987820727674  
1  0  0.0005  1  
0.9999987820727674  -0.004871707941481426  0.0004999997970121115  0.9999987820727674  
0.9999953137121592  -0.01874513672230397  0.0004999992189517825  0.9999953137121592  
0.9999901229511773  -0.03950813025354321  0.0004999983538241123  0.9999901229511773  
0.9999840000426666  -0.0639996586672128  0.0004999973333376001  0.9999840000426666  
0.9999778771466528  -0.08849108710714358  0.0004999963128523374  0.9999778771466528  
0.9999726864158406  -0.1092538392804267  0.0004999954477276842  0.9999726864158406  
0.9999692180854022  -0.1231270267032931  0.0004999948696703722  0.9999692180854022  
0.9999680001706663  -0.1279986346710357  0.0004999946666837333  0.9999680001706663  
0.9999692180854022  -0.1231270267032931  0.0004999948696703722  0.9999692180854022  
0.9999726864158406  -0.1092538392804267  0.0004999954477276842  0.9999726864158406  
0.9999778771466528  -0.08849108710714362  0.0004999963128523374  0.9999778771466528  
0.9999840000426666  -0.06399965866721281  0.0004999973333376001  0.9999840000426666  
0.9999901229511773  -0.03950813025354321  0.0004999983538241123  0.9999901229511773  
0.9999953137121592  -0.01874513672230398  0.0004999992189517825  0.9999953137121592  
0.9999987820727674  -0.004871707941481443  0.0004999997970121114  0.9999987820727674  
