1  0.9995001249791693  0.04471018153899575
3.121445152258052  0.9984404947179824  0.07895034524700471
6.122934917841437  0.9969432140539286  0.1104918816187202
8.889123728313635  0.9955653005840946  0.133039334581178
11.31370849898476  0.9943591156232368  0.1499996611794475
13.30351379684072  0.9933703170658315  0.1625756019366344
14.78207252018059  0.9926362102803616  0.1713088091152444
15.69256448645169  0.9921844194786932  0.1764657345986957
16  0.9920319148370607  0.1781722758720608
15.69256448645169  0.9921844194786932  0.1764657345986957
14.78207252018059  0.9926362102803616  0.1713088091152444
13.30351379684073  0.9933703170658315  0.1625756019366344
11.31370849898476  0.9943591156232368  0.1499996611794475
8.889123728313635  0.9955653005840946  0.133039334581178
6.122934917841438  0.9969432140539286  0.1104918816187202
3.121445152258058  0.9984404947179824  0.07895034524700471
