0.5136945394316638 2.031292880167019  1.394193230361525  5.406942110122763
0.5675875150745187 0.0702850930825514  1.507287887764385  0.005376698035734706
0.4957000868057915 -0.02353877143833724  1.418596465178678  -0.004230104082862951
0.3919811133701034 0.1063341162820594  1.374895597288835  -0.1271594892613334
0.561891639929176 -0.1124689971262751  1.294033079606446  0.03722627220043512
0.5938155311605174 -0.04489101684226512  1.424839702625179  -0.05261758460371962
0.3868863770035659 -0.02561760875721761  1.376411738558986  -0.133473379285083
0.4149236548582816 -0.005681798453564979  1.312096123594265  0.1847274090187745
0.5216349621356613 0.0352310598785994  1.529946721803724  -0.001856750607582336
0.5173939318089351 -0.06094384102403414  1.066439437161407  0.05290506272638032
0.513335937985177 -0.0438151587904906  1.34557981985036  -0.2122317630542658
0.5965120758863275 0.177358972923593  1.451341098862464  0.1736603052264535
0.4230553182493956 -0.01712233576436941  1.221346220892645  -0.02172259745723574
0.5467821430841248 -0.01587974330522953  1.35387243294176  -0.1363026874706667
0.5759247790364086 -0.004488547279382583  1.23749044520833  -0.06728561340967236
0.5040519148484286 0.03506790386280997  1.319398438792069  -0.1489476648629
2.031292880167019  5.407957756562847  2.031292880167019  5.407957756562847
0.07025881377790286  0.005411834019582  0.07025881377790286  0.005411834019582
-0.02345936724949602  -0.004241853626711875  -0.02345936724949602  -0.004241853626711875
0.1113568996795122  -0.1271050664177533  0.1113568996795122  -0.1271050664177533
-0.1148496663414004  0.03716944238302194  -0.1148496663414004  0.03716944238302194
-0.04023383646234766  -0.05263886589551327  -0.04023383646234766  -0.05263886589551327
-0.01103442991987696  -0.1334825423364651  -0.01103442991987696  -0.1334825423364651
-0.02842656018001502  0.184718881885369  -0.02842656018001502  0.184718881885369
0.03546759403339119  -0.001839075849838863  0.03546759403339119  -0.001839075849838863
-0.0674560081269749  0.05287296259940766  -0.0674560081269749  0.05287296259940766
-0.02062682711053116  -0.212247873624081  -0.02062682711053116  -0.212247873624081
0.1619876600401979  0.1737451421975018  0.1619876600401979  0.1737451421975018
-0.01573182298509938  -0.02173081101882595  -0.01573182298509938  -0.02173081101882595
-0.01049452212973053  -0.1363092810478796  -0.01049452212973053  -0.1363092810478796
-0.003227248221949646  -0.0672875423600543  -0.003227248221949646  -0.0672875423600543
0.03579349067443257  -0.1489299495106697  0.03579349067443257  -0.1489299495106697
0.5136945394316638 2.031292880167019  1.394193230361525  5.407957756562847
0.5675875150745187 0.07025881377790286  1.507287887764385  0.005411834019582
0.4957000868057915 -0.02345936724949602  1.418596465178678  -0.004241853626711875
0.3919811133701034 0.1113568996795122  1.374895597288835  -0.1271050664177533
0.561891639929176 -0.1148496663414004  1.294033079606446  0.03716944238302194
0.5938155311605174 -0.04023383646234766  1.424839702625179  -0.05263886589551327
0.3868863770035659 -0.01103442991987696  1.376411738558986  -0.1334825423364651
0.4149236548582816 -0.02842656018001502  1.312096123594265  0.184718881885369
0.5216349621356613 0.03546759403339119  1.529946721803724  -0.001839075849838863
0.5173939318089351 -0.0674560081269749  1.066439437161407  0.05287296259940766
0.513335937985177 -0.02062682711053116  1.34557981985036  -0.212247873624081
0.5965120758863275 0.1619876600401979  1.451341098862464  0.1737451421975018
0.4230553182493956 -0.01573182298509938  1.221346220892645  -0.02173081101882595
0.5467821430841248 -0.01049452212973053  1.35387243294176  -0.1363092810478796
0.5759247790364086 -0.003227248221949646  1.23749044520833  -0.0672875423600543
0.5040519148484286 0.03579349067443257  1.319398438792069  -0.1489299495106697
