5.576816259487945
3.212519199546904e-06
3.310932818467727e-06
3.458219207552737e-06
3.63195534802685e-06
3.805691491942653e-06
3.952977881027664e-06
4.051391503667734e-06
2.889202789790879e-06
8.961769817031697e-07
1.8254276980129e-06
2.846231130891934e-06
4.085949768856171e-06
5.855041457382184e-06
9.089338397469448e-06
1.84328087108488e-05
5.576816259487946
3.212519198936281e-06
3.310932818356704e-06
3.458219206387003e-06
3.631955345195781e-06
3.805691490721408e-06
3.952977878696196e-06
4.051391505166535e-06
2.88920278984639e-06
8.961769839236158e-07
1.825427699400679e-06
2.846231131002956e-06
4.085949767912481e-06
5.855041455605828e-06
9.08933839658127e-06
1.843280870890591e-05
