5.59410813818451  2.058492140843657
0.001285007679752537  0.0002926485792366373
0.001324373127457201  0.0003016136947945891
0.001383287683340673  0.000315030938401184
0.001452782140331565  0.0003308576563448296
0.0015222765973259  0.0003466843742897796
0.001581191153209371  0.0003601016178962635
0.001620556600917311  0.0003690667334554365
0.001155681115894314  0.0002631956539608238
0.0003584707918154912  8.163839763454597e-05
0.0007301710785786521  0.000166289690025243
0.001138492452303822  0.0002592810952713923
0.00163437990787528  0.0003722148633887784
0.002342016583701702  0.0005333725522175745
0.003635735359244739  0.0008280050027160836
0.007373123484549255  0.001679160479963241
5.594108138184511  2.058492140843657
0.001285007679751871  0.0002926485792362488
0.001324373127457312  0.0003016136947943948
0.001383287683340229  0.0003150309384011007
0.001452782140328956  0.0003308576563436083
0.001522276597324679  0.0003466843742893355
0.001581191153207484  0.0003601016178957084
0.001620556600918865  0.0003690667334561026
0.001155681115894147  0.0002631956539609348
0.0003584707918172953  8.163839763522598e-05
0.0007301710785801509  0.0001662896900261034
0.001138492452304267  0.0002592810952713923
0.001634379907874558  0.0003722148633885841
0.002342016583700147  0.0005333725522167973
0.003635735359243684  0.0008280050027158338
0.007373123484547535  0.001679160479962811
