0.5136945394316638 2.031048314048902  1.394193230361525  5.406942110122763
0.5675875150745187 0.07028542912617872  1.507287887764385  0.005376698035734706
0.4957000868057915 -0.02353903581984246  1.418596465178678  -0.004230104082862951
0.3919811133701034 0.1063261688139806  1.374895597288835  -0.1271594892613334
0.561891639929176 -0.1124666704842626  1.294033079606446  0.03722627220043512
0.5938155311605174 -0.04489430544130285  1.424839702625179  -0.05261758460371962
0.3868863770035659 -0.02562595084342301  1.376411738558986  -0.133473379285083
0.4149236548582816 -0.005670252990501307  1.312096123594265  0.1847274090187745
0.5216349621356613 0.03523094383168637  1.529946721803724  -0.001856750607582336
0.5173939318089351 -0.06094053445761364  1.066439437161407  0.05290506272638032
0.513335937985177 -0.0438284232756815  1.34557981985036  -0.2122317630542658
0.5965120758863275 0.1773698266926696  1.451341098862464  0.1736603052264535
0.4230553182493956 -0.01712369342671044  1.221346220892645  -0.02172259745723574
0.5467821430841248 -0.01588826222319642  1.35387243294176  -0.1363026874706667
0.5759247790364086 -0.004492752630220725  1.23749044520833  -0.06728561340967236
0.5040519148484286 0.03505859463375584  1.319398438792069  -0.1489476648629
0.5136945394316638 2.031292880167019  1.394193230361525  5.406942110122763
0.5675875150745187 0.0702850930825514  1.507287887764385  0.005376698035734706
0.4957000868057915 -0.02353877143833724  1.418596465178678  -0.004230104082862951
0.3919811133701034 0.1063341162820594  1.374895597288835  -0.1271594892613334
0.561891639929176 -0.1124689971262751  1.294033079606446  0.03722627220043512
0.5938155311605174 -0.04489101684226512  1.424839702625179  -0.05261758460371962
0.3868863770035659 -0.02561760875721761  1.376411738558986  -0.133473379285083
0.4149236548582816 -0.005681798453564979  1.312096123594265  0.1847274090187745
0.5216349621356613 0.0352310598785994  1.529946721803724  -0.001856750607582336
0.5173939318089351 -0.06094384102403414  1.066439437161407  0.05290506272638032
0.513335937985177 -0.0438151587904906  1.34557981985036  -0.2122317630542658
0.5965120758863275 0.177358972923593  1.451341098862464  0.1736603052264535
0.4230553182493956 -0.01712233576436941  1.221346220892645  -0.02172259745723574
0.5467821430841248 -0.01587974330522953  1.35387243294176  -0.1363026874706667
0.5759247790364086 -0.004488547279382583  1.23749044520833  -0.06728561340967236
0.5040519148484286 0.03506790386280997  1.319398438792069  -0.1489476648629
0.5136945394316638 2.031292880167019  1.394193230361525  7.438234990289782
0.5675875150745187 0.07025881377790286  1.507287887764385  0.07566169896773024
0.4957000868057915 -0.02345936724949602  1.418596465178678  -0.02776874538825648
0.3919811133701034 0.1113568996795122  1.374895597288835  -0.02082516728604833
0.561891639929176 -0.1148496663414004  1.294033079606446  -0.07524152104545156
0.5938155311605174 -0.04023383646234766  1.424839702625179  -0.09750644427749486
0.3868863770035659 -0.01103442991987696  1.376411738558986  -0.1590866426972097
0.4149236548582816 -0.02842656018001502  1.312096123594265  0.179040099198516
0.5216349621356613 0.03546759403339119  1.529946721803724  0.03337324129881626
0.5173939318089351 -0.0674560081269749  1.066439437161407  -0.008038530848666792
0.513335937985177 -0.02062682711053116  1.34557981985036  -0.2560399282856078
0.5965120758863275 0.1619876600401979  1.451341098862464  0.3510115126020338
0.4230553182493956 -0.01573182298509938  1.221346220892645  -0.03884431170433099
0.5467821430841248 -0.01049452212973053  1.35387243294176  -0.1521809276625974
0.5759247790364086 -0.003227248221949646  1.23749044520833  -0.07177382433467842
0.5040519148484286 0.03579349067443257  1.319398438792069  -0.1138796223028278
0.5149732287234581 2.031292880167019  1.907888430190462  7.438234990289782
0.5611612867221792 0.07025881377790286  2.074872782315046  0.07566169896773024
0.4971914647553028 -0.02345936724949602  1.91429665725529  -0.02776874538825648
0.3908645480235644 0.1113568996795122  1.766878602397621  -0.02082516728604833
0.568723153287689 -0.1148496663414004  1.855925308992156  -0.07524152104545156
0.5881170793653763 -0.04023383646234766  2.018651889096678  -0.09750644427749486
0.3864507009109494 -0.01103442991987696  1.763299868187518  -0.1590866426972097
0.4240288675842818 -0.02842656018001502  1.727022665160674  0.179040099198516
0.4998656290860175 0.03546759403339119  2.051575345486297  0.03337324129881626
0.5412517290313978 -0.0674560081269749  1.583839311590756  -0.008038530848666792
0.5078474544636291 -0.02062682711053116  1.858915068679203  -0.2560399282856078
0.5858011681972045 0.1619876600401979  2.047848435655125  0.3510115126020338
0.4347439579751658 -0.01573182298509938  1.644406816755364  -0.03884431170433099
0.5388700828791017 -0.01049452212973053  1.900651828102177  -0.1521809276625974
0.5823337676277968 -0.003227248221949646  1.813416002435642  -0.07177382433467842
0.5038882845398168 0.03579349067443257  1.823450948859119  -0.1138796223028278
0.5149732287234581 2.031528100793233  1.907888430190462  7.438234990289782
0.5611612867221792 0.07024935606553126  2.074872782315046  0.07566169896772934
0.4971914647553028 -0.02345589615632257  1.91429665725529  -0.02776874538825624
0.3908645480235644 0.1113595028254226  1.766878602397621  -0.02082516728604933
0.568723153287689 -0.1148402611512708  1.855925308992156  -0.07524152104545556
0.5881170793653763 -0.04022164815681395  2.018651889096678  -0.09750644427749744
0.3864507009109494 -0.01101454408954078  1.763299868187518  -0.1590866426972115
0.4240288675842818 -0.02844894019241467  1.727022665160674  0.1790400991985173
0.4998656290860175 0.03546342237822851  2.051575345486297  0.03337324129881619
0.5412517290313978 -0.06745500331061792  1.583839311590756  -0.008038530848664105
0.5078474544636291 -0.02059482211949464  1.858915068679203  -0.2560399282856047
0.5858011681972045 0.1619437836011228  2.047848435655125  0.3510115126020341
0.4347439579751658 -0.01572696744613644  1.644406816755364  -0.03884431170433245
0.5388700828791017 -0.01047549951377324  1.900651828102177  -0.1521809276625984
0.5823337676277968 -0.003218276493908129  1.813416002435642  -0.07177382433468009
0.5038882845398168 0.03580772562721989  1.823450948859119  -0.1138796223028292
0.5149732287234581 2.031528100793233  1.907888430190462  9.469763091083015
0.5611612867221792 0.06988066880720037  2.074872782315046  0.1459108773242132
0.4971914647553028 -0.0229352573063319  1.91429665725529  -0.05122440149116399
0.3908645480235644 0.1121811663438654  1.766878602397621  0.090533441327321
0.568723153287689 -0.1100229920474812  1.855925308992156  -0.1900787408963214
0.5881170793653763 -0.03159230708512253  2.018651889096678  -0.1377250454959207
0.3864507009109494 0.006366583250040003  1.763299868187518  -0.1700965407136714
0.4240288675842818 -0.05049273955454336  1.727022665160674  0.1505865235219069
0.4998656290860175 0.03119055823396932  2.051575345486297  0.06883446091555515
0.5412517290313978 -0.0664631665140081  1.583839311590756  -0.07549121032376084
0.5078474544636291 0.007379085573199998  1.858915068679203  -0.2766271945185627
0.5858011681972045 0.1308788106052709  2.047848435655125  0.5129439481683653
0.4347439579751658 -0.01324069312508822  1.644406816755364  -0.05457040601233086
0.5388700828791017 -0.004463012134554126  1.900651828102177  -0.1626548206108991
0.5823337676277968 -0.001872851261901921  1.813416002435642  -0.07499174939401795
0.5038882845398168 0.03636247027636131  1.823450948859119  -0.07807180158972028
