1.394193230361524
1.394195798541782
1.39419708263191
1.394198366722039
1.394199650812168
1.394200934902297
1.394202218992425
1.394203503082554
1.394204787172683
1.394206071262812
1.394207355352941
1.39420863944307
1.394209923533199
1.394211207623328
1.394212491713456
1.394213775803585
1.394193230361525
1.394195798541786
1.394197082631909
1.39419836672204
1.394199650812168
1.394200934902298
1.394202218992427
1.394203503082553
1.394204787172684
1.394206071262812
1.394207355352941
1.394208639443069
1.394209923533199
1.394211207623328
1.394212491713456
1.394213775803583
