-2.21000203837448
-2.386238086204378
-0.7821703046449776
-0.3337330833452385
-0.07600287623779155
0.2485349441954963
0.3928042611880314
-0.6852511359348019
1.031131859256748
-1.673911005908588
-0.847058320836677
-2.379764351541941
-0.7160324187963836
-1.628727118924035
0.7013853812529707
0.6656948296279386
-1.80654301870322
-1.630868509556423
-0.2798328820637761
-0.4190721110949262
-2.347400498659518
-0.1075513085217966
-0.02208637110545378
0.6250962789583523
1.094279293573694
0.7301743288716375
1.983896439281019
0.05646288455607174
-2.034457299963309
-0.8862031847453697
0.8805995801301515
-0.6159852636360045
