1.394193230361524  0.5136360515085613
1.395220502464541  0.5138700032009709
1.39573413851605  0.5139869790471757
1.396247774567559  0.5141039548933806
1.396761410619067  0.5142209307395853
1.397275046670575  0.5143379065857901
1.397788682722084  0.514454882431995
1.398302318773593  0.5145718582781997
1.398815954825101  0.5146888341244045
1.39932959087661  0.5148058099706093
1.399843226928118  0.5149227858168142
1.400356862979627  0.515039761663019
1.400870499031136  0.5151567375092239
1.401384135082644  0.5152737133554286
1.401897771134153  0.5153906892016334
1.402411407185661  0.5155076650478383
1.394193230361525  0.5136360515085612
1.395220502464545  0.5138700032009724
1.395734138516048  0.5139869790471749
1.396247774567559  0.5141039548933806
1.396761410619067  0.5142209307395855
1.397275046670576  0.5143379065857905
1.397788682722085  0.5144548824319957
1.398302318773591  0.5145718582781992
1.398815954825102  0.5146888341244045
1.399329590876609  0.5148058099706094
1.399843226928118  0.5149227858168142
1.400356862979626  0.5150397616630187
1.400870499031135  0.5151567375092239
1.401384135082643  0.5152737133554284
1.401897771134152  0.5153906892016331
1.402411407185659  0.5155076650478375
