0.5136360515085614 2.031048314048902  1.394193230361525  5.406942110122763
0.567536095567504 0.07028542912617872  1.507287887764385  0.005376698035734706
0.4956431240848652 -0.02353903581984246  1.418596465178678  -0.004230104082862951
0.391921419344934 0.1063261688139806  1.374895597288835  -0.1271594892613334
0.5618268919966514 -0.1124666704842626  1.294033079606446  0.03722627220043512
0.5937589586419315 -0.04489430544130285  1.424839702625179  -0.05261758460371962
0.3868267777372258 -0.02562595084342301  1.376411738558986  -0.133473379285083
0.4148600358660062 -0.005670252990501307  1.312096123594265  0.1847274090187745
0.521584958805774 0.03523094383168637  1.529946721803724  -0.001856750607582336
0.5173149592737577 -0.06094053445761364  1.066439437161407  0.05290506272638032
0.5132744117239176 -0.0438284232756815  1.34557981985036  -0.2122317630542658
0.5964571597050063 0.1773698266926696  1.451341098862464  0.1736603052264535
0.4229860273882013 -0.01712369342671044  1.221346220892645  -0.02172259745723574
0.5467211351111836 -0.01588826222319642  1.35387243294176  -0.1363026874706667
0.5758564971892342 -0.004492752630220725  1.23749044520833  -0.06728561340967236
0.503988752250853 0.03505859463375584  1.319398438792069  -0.1489476648629
0.5136360515085614 1.931223451393335  1.394193230361525  5.406942110122763
0.567536095567504 -0.1182185021191799  1.507287887764385  0.005376698035734706
0.4956431240848652 -0.1098905507324755  1.418596465178678  -0.004230104082862951
0.391921419344934 0.06145501687927045  1.374895597288835  -0.1271594892613334
0.5618268919966514 -0.1232326646841536  1.294033079606446  0.03722627220043512
0.5937589586419315 -0.004190952275806646  1.424839702625179  -0.05261758460371962
0.3868267777372258 0.0418535834694688  1.376411738558986  -0.133473379285083
0.4148600358660062 -0.1265492817590033  1.312096123594265  0.1847274090187745
0.521584958805774 0.2186693307588291  1.529946721803724  -0.001856750607582336
0.5173149592737577 -0.3558521841140493  1.066439437161407  0.05290506272638032
0.5132744117239176 -0.1886142321766258  1.34557981985036  -0.2122317630542658
0.5964571597050063 -0.2106977009396667  1.451341098862464  0.1736603052264535
0.4229860273882013 -0.124431720864945  1.221346220892645  -0.02172259745723574
0.5467211351111836 -0.2325025746719682  1.35387243294176  -0.1363026874706667
0.5758564971892342 0.07301837126738268  1.23749044520833  -0.06728561340967236
0.503988752250853 0.08756075719851612  1.319398438792069  -0.1489476648629
