0.5136360515085614  1.394193230361525  0.1169758462048095
0.567536095567504  1.507287887764385  0.1028390140294524
0.4956431240848652  1.418596465178678  0.1139254418526651
0.391921419344934  1.374895597288835  0.1193880503388956
0.5618268919966514  1.294033079606446  0.1294958650491944
0.5937589586419315  1.424839702625179  0.1131450371718527
0.3868267777372258  1.376411738558986  0.1191985326801268
0.4148600358660062  1.312096123594265  0.1272379845507167
0.521584958805774  1.529946721803724  0.1000066597745346
0.5173149592737577  1.066439437161407  0.1579450703548242
0.5132744117239176  1.34557981985036  0.123052522518705
0.5964571597050063  1.451341098862464  0.1098323626421918
0.4229860273882013  1.221346220892645  0.1385817223884195
0.5467211351111836  1.35387243294176  0.1220159458822799
0.5758564971892342  1.23749044520833  0.1365636943489587
0.503988752250853  1.319398438792069  0.1263251951509912
0.5136945394316638  1.394193230361525  0.1169758462048095
0.5675875150745187  1.507287887764385  0.1028390140294524
0.4957000868057915  1.418596465178678  0.1139254418526651
0.3919811133701034  1.374895597288835  0.1193880503388956
0.561891639929176  1.294033079606446  0.1294958650491944
0.5938155311605174  1.424839702625179  0.1131450371718527
0.3868863770035659  1.376411738558986  0.1191985326801268
0.4149236548582816  1.312096123594265  0.1272379845507167
0.5216349621356613  1.529946721803724  0.1000066597745346
0.5173939318089351  1.066439437161407  0.1579450703548242
0.513335937985177  1.34557981985036  0.123052522518705
0.5965120758863275  1.451341098862464  0.1098323626421918
0.4230553182493956  1.221346220892645  0.1385817223884195
0.5467821430841248  1.35387243294176  0.1220159458822799
0.5759247790364086  1.23749044520833  0.1365636943489587
0.5040519148484286  1.319398438792069  0.1263251951509912
1.907888430190462  0.5149204647772319  0.1169758462048095
2.074872782315046  0.5611293958199687  0.1028390140294524
1.91429665725529  0.4971395018374598  0.1139254418526651
1.766878602397621  0.390794157848864  0.1193880503388956
1.855925308992156  0.568663893951313  0.1294958650491944
2.018651889096678  0.5880781608515133  0.1131450371718527
1.763299868187518  0.3863798633944729  0.1191985326801268
1.727022665160674  0.4239534954174269  0.1272379845507167
2.051575345486297  0.4998308260042033  0.1000066597745346
1.583839311590756  0.5411584589453466  0.1579450703548242
1.858915068679203  0.5077885688472139  0.123052522518705
2.047848435655125  0.5857658992516613  0.1098323626421918
1.644406816755364  0.4346582588272602  0.1385817223884195
1.900651828102177  0.5388164143576145  0.1220159458822799
1.813416002435642  0.5822691946281012  0.1365636943489587
1.823450948859119  0.5038249659084243  0.1263251951509912
1.907888430190462  0.5149204647772319  0.226884941902846
2.074872782315046  0.5611293958199687  0.2211088255225039
1.91429665725529  0.4971395018374598  0.2291075622703175
1.766878602397621  0.390794157848864  0.242400730268892
1.855925308992156  0.568663893951313  0.2201670132560859
2.018651889096678  0.5880781608515133  0.2177402298935608
1.763299868187518  0.3863798633944729  0.2429525170756909
1.727022665160674  0.4239534954174269  0.2382558130728216
2.051575345486297  0.4998308260042033  0.2287711467494746
1.583839311590756  0.5411584589453466  0.2236051926318317
1.858915068679203  0.5077885688472139  0.2277764288940983
2.047848435655125  0.5857658992516613  0.2180292625935423
1.644406816755364  0.4346582588272602  0.2369177176465925
1.900651828102177  0.5388164143576145  0.2238979482052982
1.813416002435642  0.5822691946281012  0.2184663506714873
1.823450948859119  0.5038249659084243  0.228271879261447
1.908001872661413  0.5149204647772319  0.226884941902846
2.074983336727807  0.5611293958199687  0.2211088255225039
1.914411211036425  0.4971395018374598  0.2291075622703175
1.766999802762756  0.390794157848864  0.242400730268892
1.856035392498784  0.568663893951313  0.2201670132560859
2.018760759211625  0.5880781608515133  0.2177402298935608
1.763421344446055  0.3863798633944729  0.2429525170756909
1.727141793067211  0.4239534954174269  0.2382558130728216
2.051689731059672  0.4998308260042033  0.2287711467494746
1.583951114187071  0.5411584589453466  0.2236051926318317
1.85902895689365  0.5077885688472139  0.2277764288940983
2.047957450286422  0.5857658992516613  0.2180292625935423
1.644525275614187  0.4346582588272602  0.2369177176465925
1.90076377707628  0.5388164143576145  0.2238979482052982
1.813525235610978  0.5822691946281012  0.2184663506714873
1.82356508479875  0.5038249659084243  0.228271879261447
1.908001872661413  0.5149204647772319  0.226884941902846
2.074983336727807  0.5611293958199687  0.2211088255225039
1.914411211036425  0.4971395018374598  0.2291075622703175
1.766999802762756  0.390794157848864  0.242400730268892
1.856035392498784  0.568663893951313  0.2201670132560859
2.018760759211625  0.5880781608515133  0.2177402298935608
1.763421344446055  0.3863798633944729  0.2429525170756909
1.727141793067211  0.4239534954174269  0.2382558130728216
2.051689731059672  0.4998308260042033  0.2287711467494746
1.583951114187071  0.5411584589453466  0.2236051926318317
1.85902895689365  0.5077885688472139  0.2277764288940983
2.047957450286422  0.5857658992516613  0.2180292625935423
1.644525275614187  0.4346582588272602  0.2369177176465925
1.90076377707628  0.5388164143576145  0.2238979482052982
1.813525235610978  0.5822691946281012  0.2184663506714873
1.82356508479875  0.5038249659084243  0.228271879261447
1.908115315132365  0.5149204647772319  0.226884941902846
2.075093891140569  0.5611293958199687  0.2211088255225039
1.91452576481756  0.4971395018374598  0.2291075622703175
1.76712100312789  0.390794157848864  0.242400730268892
1.856145476005412  0.568663893951313  0.2201670132560859
2.018869629326572  0.5880781608515133  0.2177402298935608
1.763542820704593  0.3863798633944729  0.2429525170756909
1.727260920973747  0.4239534954174269  0.2382558130728216
2.051804116633047  0.4998308260042033  0.2287711467494746
1.584062916783387  0.5411584589453466  0.2236051926318317
1.859142845108097  0.5077885688472139  0.2277764288940983
2.048066464917719  0.5857658992516613  0.2180292625935423
1.64464373447301  0.4346582588272602  0.2369177176465925
1.900875726050382  0.5388164143576145  0.2238979482052982
1.813634468786314  0.5822691946281012  0.2184663506714873
1.823679220738381  0.5038249659084243  0.228271879261447
2.423036721151477  1.90923959754173  0.226884941902846
2.636219785006608  2.071564926563419  0.2211088255225039
2.411665033119841  1.913170517801005  0.2291075622703175
2.157919326118949  1.776217711478806  0.242400730268892
2.42480869191096  1.851075523012621  0.2201670132560859
2.606942676887495  2.011790727504278  0.2177402298935608
2.149926350621437  1.771201218366644  0.2429525170756909
2.151217609409079  1.728489536847144  0.2382558130728216
2.551628327993529  2.050692190852793  0.2287711467494746
2.125226720694772  1.581678557891641  0.2236051926318317
2.366931615480434  1.862705221991267  0.2277764288940983
2.633825792746361  2.040731077480422  0.2180292625935423
2.079309312631823  1.652817448863328  0.2369177176465925
2.439688906997122  1.898930428012593  0.2238979482052982
2.395903466524379  1.809734566046007  0.2184663506714873
2.327505498092855  1.82654506446535  0.228271879261447
2.423036721151477  1.90923959754173  0.05259505030728381
2.636219785006608  2.071564926563419  0.0323043841795726
2.411665033119841  1.913170517801005  0.05210368527487436
2.157919326118949  1.776217711478806  0.0692227860651492
2.42480869191096  1.851075523012621  0.05986555962342233
2.606942676887495  2.011790727504278  0.03977615906196524
2.149926350621437  1.771201218366644  0.06984984770416949
2.151217609409079  1.728489536847144  0.07518880789410695
2.551628327993529  2.050692190852793  0.0349134761434009
2.125226720694772  1.581678557891641  0.09354018026354485
2.366931615480434  1.862705221991267  0.05841184725109169
2.633825792746361  2.040731077480422  0.0361586153149473
2.079309312631823  1.652817448863328  0.08464781889208395
2.439688906997122  1.898930428012593  0.05388369649842586
2.395903466524379  1.809734566046007  0.06503317924424915
2.327505498092855  1.82654506446535  0.06293186694183128
2.42306301867663  1.90923959754173  0.05259505030728381
2.636235937198698  2.071564926563419  0.0323043841795726
2.411691084962478  1.913170517801005  0.05210368527487436
2.157953937511982  1.776217711478806  0.0692227860651492
2.424838624690772  1.851075523012621  0.05986555962342233
2.606962564967026  2.011790727504278  0.03977615906196524
2.149961275545289  1.771201218366644  0.06984984770416949
2.151255203813026  1.728489536847144  0.07518880789410695
2.551645784731601  2.050692190852793  0.0349134761434009
2.125273490784904  1.581678557891641  0.09354018026354485
2.36696082140406  1.862705221991267  0.05841184725109169
2.633843872054019  2.040731077480422  0.0361586153149473
2.079351636541269  1.652817448863328  0.08464781889208395
2.439715848845371  1.898930428012593  0.05388369649842586
2.395935983114001  1.809734566046007  0.06503317924424915
2.327536964026326  1.82654506446535  0.06293186694183128
