0.25  0.3266407412190941  0.2500000000000001  0.1352990250365493  2.164890140588734e-17  -0.1352990250365493  -0.25  -0.3266407412190941  -0.25  -0.1352990250365492  -0.25  -0.3266407412190941  -0.3535533905932738  -0.3266407412190941  -0.2500000000000001  -0.1352990250365495  
0.25  0.2500000000000001  2.164890140588734e-17  -0.25  -0.3535533905932738  -0.2500000000000001  -6.4946704217662e-17  0.2499999999999999  0.25  0.2499999999999999  0.3535533905932738  0.2500000000000003  1.29893408435324e-16  -0.2500000000000002  -0.3535533905932738  -0.2500000000000003  
0.25  0.1352990250365493  -0.25  -0.3266407412190942  -6.4946704217662e-17  0.3266407412190941  0.2500000000000001  -0.1352990250365493  -0.25  -0.326640741219094  -0.2500000000000003  0.1352990250365493  0.3535533905932738  0.1352990250365496  -0.2500000000000001  -0.3266407412190942  
0.25  2.164890140588734e-17  -0.3535533905932738  -6.4946704217662e-17  0.3535533905932738  1.082445070294367e-16  -0.3535533905932738  -1.515423098412113e-16  0.25  0.3535533905932738  2.164890140588734e-16  -0.3535533905932738  -2.59786816870648e-16  0.3535533905932738  3.030846196824227e-16  -0.3535533905932738  
0.25  -0.1352990250365493  -0.2500000000000001  0.3266407412190941  1.082445070294367e-16  -0.3266407412190941  0.2499999999999997  0.1352990250365496  -0.25  -0.3266407412190942  0.2500000000000001  0.1352990250365491  -0.3535533905932738  0.1352990250365485  0.2500000000000005  -0.326640741219094  
0.25  -0.25  -6.4946704217662e-17  0.2500000000000001  -0.3535533905932738  0.2499999999999997  1.94840112652986e-16  -0.2499999999999999  0.25  0.2500000000000004  -0.3535533905932738  0.25  3.89680225305972e-16  -0.2500000000000006  0.3535533905932738  -0.2499999999999999  
0.25  -0.3266407412190941  0.2499999999999999  -0.1352990250365493  -1.515423098412113e-16  0.1352990250365496  -0.2499999999999999  0.3266407412190944  -0.25  -0.1352990250365491  0.2500000000000005  -0.3266407412190943  0.3535533905932738  -0.3266407412190939  0.249999999999999  -0.1352990250365494  
0.25  -0.3535533905932738  0.3535533905932738  -0.3535533905932738  0.3535533905932738  -0.3535533905932738  0.3535533905932738  -0.3535533905932738  0.25  3.89680225305972e-16  -4.329780281177467e-16  1.732349797876541e-15  -5.19573633741296e-16  -6.932025303939494e-16  -6.061692393648454e-16  1.90554100912364e-15  
0.25  -0.3266407412190942  0.2500000000000001  -0.1352990250365495  1.94840112652986e-16  0.1352990250365492  -0.2499999999999996  0.3266407412190942  -0.25  0.1352990250365484  -0.2499999999999999  0.3266407412190944  -0.3535533905932738  0.3266407412190944  -0.2499999999999998  0.1352990250365506  
0.25  -0.2500000000000001  1.082445070294367e-16  0.2499999999999997  -0.3535533905932738  0.25  -9.527705045618201e-16  -0.2499999999999995  0.25  -0.2499999999999999  0.3535533905932738  -0.2499999999999998  1.90554100912364e-15  0.2499999999999989  -0.3535533905932738  0.2500000000000008  
0.25  -0.1352990250365494  -0.2499999999999997  0.3266407412190941  -8.661748989382707e-16  -0.3266407412190942  0.2500000000000001  0.135299025036549  -0.25  0.3266407412190944  -0.2499999999999998  -0.1352990250365494  0.3535533905932738  -0.1352990250365495  -0.2499999999999996  0.3266407412190954  
0.25  -6.4946704217662e-17  -0.3535533905932738  1.94840112652986e-16  0.3535533905932738  -9.527705045618201e-16  -0.3535533905932738  -1.734100539498761e-16  0.25  -0.3535533905932738  1.90554100912364e-15  0.3535533905932738  -7.793604506119441e-16  -0.3535533905932738  -3.468201078997521e-16  0.3535533905932738  
0.25  0.1352990250365493  -0.2499999999999999  -0.326640741219094  -3.466012651969747e-16  0.3266407412190945  0.2499999999999995  -0.1352990250365498  -0.25  0.3266407412190944  0.2499999999999989  -0.1352990250365495  -0.3535533905932738  -0.1352990250365491  0.2500000000000009  0.3266407412190932  
0.25  0.2499999999999999  -1.515423098412113e-16  -0.2499999999999999  -0.3535533905932738  -0.2499999999999995  -1.734100539498761e-16  0.2500000000000011  0.25  -0.2499999999999998  -0.3535533905932738  -0.2499999999999996  -3.468201078997521e-16  0.2500000000000009  0.3535533905932738  0.2500000000000003  
0.25  0.3266407412190941  0.2499999999999997  0.1352990250365492  -9.527705045618201e-16  -0.1352990250365498  -0.2500000000000002  -0.3266407412190941  -0.25  0.1352990250365506  0.2500000000000008  0.3266407412190954  0.3535533905932738  0.3266407412190932  0.2500000000000003  0.1352990250365477  
0.25  0.3535533905932738  0.3535533905932738  0.3535533905932738  0.3535533905932738  0.3535533905932738  0.3535533905932738  0.3535533905932738  0.25  -7.793604506119441e-16  -8.659560562354934e-16  -3.464699595753083e-15  -1.039147267482592e-15  1.386405060787899e-15  -1.212338478729691e-15  -3.81108201824728e-15  
