0.2848949832531475  0.2189273081935292  0.06596767505961836
0.2848911912517033  0.2177218308797245  0.06716936037197868
0.2848873259493069  0.2165088337441655  0.06837849220514136
0.2848833936490203  0.2152884380355766  0.06959495561344371
0.2848794008763346  0.2140607657289812  0.0708186351473534
0.2848753543676917  0.2128259395136675  0.07204941485402418
0.2848712610585268  0.2115840827811486  0.07328717827737816
0.2848671280707276  0.2103353196130099  0.07453180845771772
0.2848629626996675  0.2090797747687741  0.07578318793089345
0.2848587724007458  0.2078175736736832  0.0770411987270626
0.2848545647754947  0.2065488424064557  0.07830572236903899
0.2848503475572712  0.2052737076869803  0.07957663987029094
0.2848461285965865  0.2039922968639964  0.08085383173259007
0.2848419158460319  0.2027047379026863  0.08213717794334557
0.2848377173449503  0.2014111593722822  0.08342655797266813
0.2848335412037467  0.2001116904335822  0.0847218507701645
0.2848293955879527  0.1988064608264385  0.08602293476151424
0.284825288702072  0.1974956008572231  0.08732968784484892
0.2848212287732241  0.1961792413862455  0.08864198738697859
0.2848172240345956  0.1948575138151064  0.08995971021948927
0.2848132827087848  0.1935305500740449  0.09128273263473993
0.2848094129910147  0.1921984826092202  0.09261093038179456
0.2848056230322992  0.1908614443699689  0.09394417866233029
0.2848019209225805  0.1895195687960269  0.09528235212655367
0.2847983146738192  0.1881729898046808  0.09662532486913837
0.2847948122032024  0.186821841777942  0.09797297042526039
0.2847914213163414  0.1854662595496137  0.09932516176672772
0.2847881496906174  0.184106378392366  0.1006817712982514
0.2847850048586532  0.1827423340047556  0.1020426708538976
0.2847819941919604  0.1813742624982131  0.1034077316937472
0.2847791248847906  0.1800023003839911  0.1047768245007996
0.2847764039382435  0.1786265845600813  0.1061498193781622
0.2847738381446141  0.1772472522980656  0.1075265858465484
0.2847714340720895  0.1758644412299858  0.1089069928421037
0.2847691980497609  0.1744782893351216  0.1102909087146393
0.2847671361530169  0.1730889349267639  0.1116782012262529
0.2847652541893467  0.171696516638949  0.1130687375503977
0.2847635576845908  0.1703011734131564  0.1144623842714345
0.2847620518695927  0.1689030444849349  0.1158590073846578
0.2847607416674646  0.1675022693705757  0.1172584722968889
0.2847596316812399  0.16609898785365  0.1186606438275898
0.2847587261822008  0.1646933399716075  0.1200653862105933
0.2847580290987007  0.1632854660022626  0.1214725630964381
0.284757544005624  0.1618755064502982  0.1228820375553259
0.2847572741144797  0.1604636020337175  0.1242936720807621
0.2847572222641312  0.1590498936702565  0.1257073285938747
0.2847573909122079  0.1576345224637707  0.1271228684484372
0.2847577821272238  0.1562176296906063  0.1285401524366175
0.2847583975813749  0.1547993567858951  0.1299590407954797
0.2847592385441261  0.1533798453298832  0.131379393214243
0.2847603058764925  0.1519592370341575  0.132801068842335
0.2847616000261064  0.1505376737278994  0.134223926298207
0.2847631210230938  0.1491152973440875  0.1356478236790063
0.2847648684767054  0.1476922499056682  0.1370726185710372
0.2847668415727572  0.1462686735116966  0.1384981680610606
0.2847690390718925  0.144844710323468  0.1399243287484244
0.2847714593086712  0.1434205025506054  0.1413509567580658
0.2847741001914749  0.1419961924371338  0.142777907754341
0.2847769592032249  0.1405719222475103  0.1442050369557147
0.2847800334029872  0.1391478342526638  0.1456321991503234
0.2847833194283662  0.137724070715985  0.1470592487123812
0.2847868134987417  0.1363007738792939  0.1484860396194478
0.2847905114193802  0.1348780859488254  0.1499124254705548
0.2847944085863084  0.1334561490811261  0.1513382595051823
0.2847984999920827  0.1320351053690176  0.1527633946230652
0.2848027802323093  0.1306150968274573  0.1541876834048519
0.2848072435130479  0.1291962653794676  0.1556109781335802
0.2848118836589313  0.1277787528419694  0.1570331308169619
0.284816694122152  0.126362700911675  0.158453993210477
0.2848216679921544  0.1249482511509125  0.1598734168412419
0.2848267980061492  0.1235355449734914  0.1612912530326579
0.2848320765603022  0.1221247236305015  0.1627073529298007
0.2848374957217246  0.1207159281961745  0.1641215675255501
0.2848430472410909  0.119309299553665  0.1655337476874259
0.284848722565986  0.1179049783808995  0.1669437441850866
0.2848545128549025  0.1165031051363657  0.1683514077185369
0.2848604089918744  0.1151038200449429  0.1697565889469315
0.2848664016017261  0.1137072630837162  0.1711591385180099
0.2848724810658728  0.1123135739677809  0.1725589070980919
0.2848786375387275  0.1109228921360881  0.1739557454026394
0.2848848609645935  0.1095353567372597  0.1753495042273338
0.2848911410950838  0.1081511066154472  0.1767400344796366
0.2848974675069725  0.1067702802961693  0.1781271872108032
0.2849038296205039  0.1053930159721866  0.1795108136483172
0.2849102167180924  0.1040194514893896  0.1808907652287027
0.2849166179633747  0.1026497243326853  0.1822668936306894
0.284923022420613  0.101283971611927  0.183639050808686
0.2849294190743679  0.09992233004785435  0.1850070890265136
0.284935796849425  0.09856493595805316  0.1863708608913719
0.2849421446309599  0.09721192524295613  0.1877302193880037
0.2849484512848746  0.09586343337186226  0.1890850179130123
0.2849547056782651  0.0945195953689828  0.1904351103092823
0.2849608966999967  0.0931805457995363  0.1917803509004604
0.2849670132813406  0.09184641875585918  0.1931205945254814
0.2849730444166505  0.09051734784357042  0.1944556965730801
0.2849789791839688  0.08919346616776627  0.1957855130162025
0.2849848067656469  0.08787490631926528  0.1971099004463815
0.2849905164688057  0.08656180036088457  0.1984287161079211
0.2849960977456911  0.08525427981378386  0.1997418179319073
0.2850015402138523  0.08395247564384742  0.2010490645700048
0.2850068336760948  0.08265651824810993  0.2023503154279848
0.2850119681401648  0.08136653744125008  0.2036454306989147
0.2850169338381707  0.08008266244213645  0.2049342713960343
0.2850217212456289  0.07880502186043051  0.2062166993851984
0.2850263211001786  0.07753374368325427  0.2074925774169243
0.2850307244198522  0.07626895526191378  0.2087617691579384
0.2850349225209295  0.07501078329870327  0.2100241392222263
0.2850389070352696  0.07375935383375604  0.2112795532015136
0.2850426699271877  0.07251479223199285  0.2125278776951948
0.2850462035096997  0.07127722317011888  0.2137689803395808
0.2850495004602597  0.07004677062370711  0.2150027298365526
0.2850525538358246  0.06882355785435697  0.2162289959814677
0.2850553570872953  0.06760770739693722  0.2174476496903581
0.28505790407327  0.06639934104689962  0.2186585630263704
0.285060189073111  0.06519857984769038  0.2198616092254206
0.285062206799241  0.06400554407823174  0.2210566627210093
0.2850639524087242  0.06282035324050993  0.2222435991682143
0.2850654215140178  0.06164312604722975  0.223422295466788
0.2850666101929283  0.06047398040958091  0.2245926297833474
0.285067514997775  0.05931303342509055  0.2257544815726845
0.2850681329636245  0.05816040136557452  0.22690773159805
0.2850684616157587  0.05701619966518784  0.2280522619505708
0.2850684989761713  0.05588054290855629  0.229187956067615
0.2850682435692096  0.0547535448190411  0.2303146987501685
0.2850676944262807  0.05363531824707527  0.2314323761792054
0.2850668510896521  0.05252597515863014  0.232540875931022
0.2850657136153019  0.05142562662376297  0.2336400869915389
0.2850642825748314  0.05033438280530395  0.2347298997695274
0.2850625590564148  0.04925235294761421  0.2358102061088006
0.2850605446648222  0.04817964536549738  0.2368808992993248
0.2850582415204822  0.04711636743318232  0.2379418740872999
0.285055652257543  0.04606262557344135  0.2389930266841016
0.285052780021023  0.045018525246829  0.240034254774194
0.2850496284630085  0.0439841709410206  0.2410654575219879
0.2850462017378649  0.04295966616027432  0.2420865355775906
0.2850425044965524  0.0419451134150207  0.2430973910815317
0.2850385418799642  0.04094061421155697  0.2440979276684072
0.2850343195113642  0.03994626904186184  0.2450880504695024
0.2850298434879282  0.03896217737356013  0.2460676661143681
0.2850251203713483  0.0379884376399685  0.2470366827313797
0.2850201571775913  0.03702514723029098  0.2479950099473003
0.2850149613657795  0.03607240247993726  0.2489425588858422
0.2850095408262144  0.03513029866094874  0.2498792421652657
0.2850039038675982  0.03419892997257729  0.2508049738950209
0.2849980592034284  0.0332783895319546  0.2517196696714737
0.2849920159376262  0.03236876936492981  0.2526232465726964
0.2849857835494228  0.03147016039700017  0.2535156231524226
0.2849793718774911  0.03058265244438529  0.2543967194331058
0.2849727911033935  0.02970633420522809  0.2552664568981654
0.284966051734381  0.02884129325092062  0.2561247584834604
0.2849591645855266  0.02798761601756612  0.2569715485679605
0.2849521407612311  0.02714538779755759  0.2578067529636735
0.2849449916362439  0.02631469273130497  0.2586302989049389
0.2849377288360511  0.02549561379906707  0.259442115036984
0.2849303642167973  0.02468823281293766  0.2602421314038597
0.2849229098447541  0.0238926304089493  0.2610302794358048
0.2849153779753557  0.02310888603930117  0.2618064919360545
0.284907781031826  0.02233707796473796  0.2625707030670881
0.2849001315834911  0.0215772832470373  0.2633228483364538
0.2848924423237222  0.02082957774163449  0.2640628645820878
0.2848847260476768  0.02009403609038248  0.2647906899572944
0.2848769956297634  0.01937073171444167  0.2655062639153217
0.2848692640009249  0.01865973680728483  0.26620952719364
0.2848615441258054  0.01796112232785294  0.2669004217979525
0.2848538489797821  0.01727495799382585  0.2675788909859562
0.2848461915259483  0.01660131227503213  0.2682448792509161
0.284838584692063  0.01594025238697323  0.2688983323050898
0.2848310413475659  0.01529184428449872  0.2695391970630672
0.2848235742806027  0.01465615265558346  0.2701674216250192
0.2848161961751914  0.01403324091526158  0.2707829552599298
0.2848089195885243  0.01342317119966692  0.2713857483888574
0.2848017569285281  0.0128260043602137  0.2719757525683144
0.2847947204315486  0.01224179995789473  0.2725529204736539
0.2847878221404076  0.0116706162577166  0.273117205882691
0.2847810738827365  0.01111251022325973  0.2736685636594768
0.284774487249654  0.0105675375113532  0.2742069497383008
0.2847680735748835  0.01003575246689725  0.2747323211079862
0.2847618439142558  0.00951720811779478  0.275244635796461
0.2847558090257436  0.009011956170015416  0.2757438528557282
0.2847499793499684  0.008520047002781403  0.276229932347187
0.2847443649912967  0.008041529663889069  0.2767028353274077
0.2847389756994348  0.007576451865130911  0.2771625238343039
0.2847338208517368  0.007124859977874756  0.277608960873862
0.2847289094361497  0.006686799028745785  0.2780421104074039
0.284724250034744  0.006262312695427859  0.2784619373393161
0.2847198508081205  0.005851443302615274  0.2788684075055052
0.2847157194804251  0.005454231818054426  0.2792614876623706
0.2847118633252146  0.005070717848734771  0.2796411454764798
0.2847082891520797  0.004700939637190393  0.2800073495148893
0.284705003294087  0.004344934057922456  0.2803600692361646
0.2847020115961114  0.004002736613956676  0.2806992749821547
0.2846993194040019  0.003674381433510253  0.2810249379704917
0.2846969315546671  0.00335990126678626  0.2813370302878808
0.2846948523670271  0.003059327482890773  0.2816355248841363
0.2846930856339264  0.002772690066873373  0.2819203955670531
0.2846916346149957  0.002500017616884014  0.2821916169981117
0.2846905020304238  0.00224133734145733  0.2824491646889665
0.2846896900557434  0.001996675056917955  0.2826930149988254
0.2846892003175776  0.00176605518490493  0.2829231451326727
0.2846890338903458  0.001549500750020142  0.2831395331403257
0.2846891912940172  0.001347033377602048  0.2833421579164151
0.2846896724928166  0.001158673291612465  0.2835309992012041
0.2846904768949509  0.0009844393126572913  0.2837060375822936
0.2846916033533549  0.0008243488561179214  0.2838672544972369
0.2846930501673686  0.0006784179304134966  0.2840146322369551
0.2846948150854739  0.000546661135382933  0.284148153950091
0.2846968953090253  0.0004290916607898381  0.2842678036482355
0.2846992874969335  0.0003257212849502467  0.2843735662119832
0.2847019877713494  0.0002365603734845216  0.2844654273978648
0.2847049917242973  0.000161617878192631  0.2845433738461046
0.2847082944252975  0.0001009013360534517  0.2846073930892441
0.2847118904299163  5.441686834814354e-05  0.2846574735615682
0.2847157737892057  2.216917990922725e-05  0.2846936046092965
0.2847199380601286  4.16155849362526e-06  0.284715776501635
0.2847243763168087  3.958742822324189e-07  0.2847239804425264
0.2847290811626803  1.087257950480918e-05  0.2847182085831755
0.2847340447434955  3.559070819182399e-05  0.2846984540353037
0.2847392587611421  7.45478760531423e-05  0.2846647108850889
0.2847447144882552  0.0001277402804836145  0.2846169742077715
0.2847504027836221  0.0001951627006980788  0.284555240082924
0.284756314108316  0.000276808497993523  0.2844795056103225
0.284762438542568  0.0003726696161402455  0.2843897689264278
0.2847687658033135  0.0004827365819047969  0.2842860292214087
0.2847752852623439  0.0006069985057003351  0.2841682867566436
0.2847819859651658  0.0007454430823710652  0.2840365428827947
0.2847888566503738  0.0008980565921034472  0.2838908000582704
0.2847958857696126  0.001064823901475678  0.2837310618681369
0.2848030615080348  0.001245728464634601  0.2835573330434002
0.2848103718052392  0.001440752324609712  0.2833696194806294
0.2848178043766137  0.001649876114758808  0.2831679282618549
0.284825346735156  0.001873079060348489  0.2829522676748075
0.2848329862135742  0.002110338980273601  0.2827226472333006
0.2848407099866977  0.002361632288907981  0.2824790776977898
0.2848485050942407  0.002626933998091919  0.2822215710961488
0.2848563584637335  0.002906217719263009  0.2819501407444704
0.2848642569336576  0.003199455665718921  0.2816648012679386
0.2848721872767259  0.003506618655019788  0.2813655686217061
0.2848801362232843  0.00382767611153118  0.2810524601117531
0.2848880904847903  0.004162596069106321  0.280725494415684
0.2848960367772483  0.004511345173910792  0.2803846916033375
0.2849039618446752  0.004873888687383972  0.2800300731572912
0.2849118524824845  0.005250190489346558  0.2796616619931379
0.2849196955607343  0.005640213081247045  0.2792794824794872
0.2849274780472435  0.006043917589551738  0.2788835604576917
0.2849351870305315  0.006461263769275662  0.2784739232612559
0.2849428097424854  0.006892210007667805  0.2780505997348176
0.2849503335807462  0.00733671332802586  0.2776136202527204
0.2849577461307882  0.007794729393662807  0.2771630167371254
0.2849650351876237  0.008266212512020237  0.2766988226756034
0.2849721887771295  0.008751115638918819  0.2762210731382106
0.2849791951769129  0.009249390382969888  0.275729804793943
0.2849860429366801  0.009760987010112071  0.275225055926568
0.2849927208981262  0.01028585444831852  0.2747068664498076
0.2849992182142324  0.01082394029242199  0.2741752779218104
0.285005524367993  0.01137519080911419  0.2736303335588788
0.2850116291905403  0.01193955094207511  0.2730720782484652
0.2850175228785475  0.01251696431725023  0.2725005585612973
0.2850231960110305  0.01310737324828613  0.2719158227627444
0.2850286395653672  0.01371071874209529  0.2713179208232719
0.2850338449325928  0.01432694050458293  0.2707069044280099
0.2850388039318993  0.01495597694651868  0.2700828269853806
0.2850435088243766  0.01559776518954271  0.2694457436348339
0.2850479523258713  0.01625224107232889  0.2687957112535424
0.2850521276190505  0.01691933915689229  0.2681327884621582
0.285056028364583  0.0175989927350504  0.2674570356295327
0.2850596487113796  0.01829113383501105  0.2667685148763685
0.2850629833059759  0.01899569322810758  0.2660672900778683
0.2850660273010056  0.01971260043571461  0.265353426865291
0.2850687763626808  0.02044178373624903  0.2646269926264318
0.2850712266773807  0.02118317017236882  0.2638880565050118
0.2850733749572103  0.02193668555827832  0.263136689398932
0.2850752184446576  0.02270225448719079  0.2623729639574668
0.285076754916222  0.02347980033892923  0.2615969545772928
0.2850779826851131  0.02426924528767438  0.2608087373974388
0.285078900602894  0.02507051030983926  0.2600083902930547
0.2850795080601865  0.02588351519209565  0.2591959928680909
0.2850798049863928  0.02670817853952835  0.2583716264468645
0.2850797918483884  0.02754441778393291  0.2575353740644555
0.2850794696482795  0.02839214919224484  0.2566873204560347
0.2850788399201726  0.0292512878751043  0.2558275520450684
0.2850779047259642  0.03012174779555287  0.2549561569304113
0.2850766666502196  0.0310034417778704  0.2540732248723492
0.2850751287940181  0.03189628151652985  0.2531788472774882
0.2850732947679638  0.03280017758529589  0.2522731171826679
0.2850711686842087  0.03371503944642706  0.2513561292377816
0.2850687551476503  0.03464077546003504  0.2504279796876153
0.2850660592461745  0.0355772928935584  0.249488766352616
0.2850630865400509  0.03652449793133519  0.2485385886087157
0.2850598430505679  0.03748229568432923  0.2475775473662386
0.2850563352477574  0.03845059019997547  0.2466057450477819
0.2850525700373827  0.03942928447212103  0.2456232855652617
0.2850485547471368  0.04041828045109055  0.2446302742960462
0.2850442971121361  0.04141747905388445  0.2436268180582517
0.2850398052596671  0.04242678017446846  0.2426130250851987
0.2850350876933069  0.04344608269418059  0.2415890049991263
0.2850301532763668  0.04447528449226563  0.2405548687841011
0.2850250112147171  0.0455142824564771  0.2395107287582399
0.2850196710390767  0.04656297249382413  0.2384566985452525
0.2850141425867348  0.04762124954139977  0.237392893045335
0.2850084359827649  0.04868900757732988  0.236319428405435
0.2850025616207664  0.04976613963178112  0.2352364219889853
0.2849965301432263  0.05085253779812986  0.2341439923450964
0.2849903524214035  0.05194809324416293  0.2330422591772405
0.2849840395349331  0.05305269622341771  0.2319313433115154
0.2849776027510781  0.05416623608657534  0.2308113666645027
0.2849710535037361  0.05528860129298545  0.2296824522107506
0.2849644033721692  0.05641967942225019  0.228544723949919
0.2849576640595926  0.05755935718587761  0.227398306873715
0.2849508473715897  0.05870752043906348  0.2262433269325262
0.2849439651944249  0.05986405419251669  0.2250799110019082
0.2849370294732742  0.06102884262438599  0.2239081868488882
0.2849300521904305  0.06220176909223128  0.2227282830981993
0.2849230453435707  0.06338271614511343  0.2215403291984572
0.2849160209240097  0.06457156553572155  0.2203444553882882
0.2849089908950851  0.06576819823258404  0.2191407926625011
0.28490196717069  0.06697249443234121  0.2179294727383488
0.2848949615939852  0.06818433357209368  0.2167106280218915
0.2848879859163011  0.06940359434181261  0.2154843915744885
0.2848810517763036  0.07063015469679716  0.2142508970795065
0.28487417067949  0.07186389187021204  0.2130102788092779
0.2848673539779783  0.07310468238566163  0.2117626715923167
0.2848606128506955  0.07435240206984452  0.2105082107808509
0.2848539582839471  0.07560692606523543  0.2092470322187117
0.2848474010524727  0.07686812884285145  0.2079792722096212
0.284840951700904  0.07813588421502846  0.2067050674858755
0.2848346205258284  0.07941006534827259  0.2054245551775558
0.2848284175583011  0.08069054477616198  0.2041378727821392
0.2848223525470009  0.08197719441226926  0.2028451581347316
0.284816434941937  0.08326988556314435  0.2015465493787927
0.284810673878844  0.08456848894133771  0.2002421849375063
0.2848050781641682  0.08587287467844636  0.1989322034857218
0.2847996562608021  0.08718291233822022  0.1976167439225819
0.2847944162744898  0.08849847092969294  0.1962959453447969
0.284789365940982  0.08981941892033458  0.1949699470206474
0.2847845126139357  0.09114562424928226  0.1936388883646535
0.284779863253572  0.09247695434053022  0.1923029089130417
0.2847754244161543  0.09381327611621337  0.190962148299941
0.2847712022442715  0.09515445600989063  0.1896167462343809
0.2847672024579109  0.09650035997985471  0.1882668424780561
0.2847634303464194  0.09785085352247208  0.1869125768239473
0.2847598907612671  0.09920580168556244  0.1855540890757046
0.2847565881096921  0.1005650690817551  0.184191519027937
0.2847535263492312  0.1019285199019224  0.1828250064473089
0.2847507089830872  0.1032960179286096  0.1814546910544776
0.2847481390563904  0.1046674265494846  0.1800807125069058
0.2847458191533161  0.1060426087707781  0.178703210382538
0.2847437513951537  0.1074214272308147  0.177322324164339
0.2847419374391797  0.1088037442134719  0.1759381932257078
0.2847403784784587  0.1101894216617052  0.1745509568167535
0.2847390752425445  0.1115783211911042  0.1731607540514403
0.2847380279989735  0.1129703041034151  0.1717677238955584
0.2847372365556902  0.114365231400098  0.1703720051555922
0.2847367002643109  0.1157629637958984  0.1689737364684125
0.2847364180242388  0.1171633617324448  0.167573056291794
0.2847363882875812  0.1185662853918152  0.1661701028957661
0.2847366090649197  0.1199715947101399  0.1647650143547798
0.2847370779319064  0.1213791493912331  0.1633579285406734
0.2847377920365794  0.1227888089201843  0.1619489831163951
0.2847387481075221  0.1242004325769932  0.1605383155305289
0.2847399424627377  0.1256138794502145  0.1591260630125232
0.28474137101926  0.1270290084505787  0.1577123625686813
0.2847430293034838  0.1284456783246518  0.156297350978832
0.2847449124621541  0.1298637476684853  0.1548811647936688
0.2847470152740392  0.131283074941252  0.1534639403327873
0.2847493321622676  0.1327035184789403  0.1520458136833273
0.2847518572071975  0.134124936508004  0.1506269206991935
0.2847545841599174  0.135547187159012  0.1492073970009055
0.2847575064563211  0.1369701284803572  0.147787377975964
0.2847606172316609  0.1383936184519148  0.1463669987797461
0.2847639093355796  0.1398175149987277  0.1449463943368519
0.2847673753476394  0.1412416760046817  0.1435256993429576
0.2847710075932548  0.1426659593261856  0.1421050482670692
0.284774798160036  0.1440902228058604  0.1406845753541756
0.2847787389144856  0.1455143242862293  0.1392644146282563
0.2847828215190057  0.1469381216234153  0.1378446998955904
0.2847870374491912  0.1483614727007981  0.1364255647483931
0.2847913780114294  0.1497842354427432  0.1350071425686862
0.2847958343606449  0.1512062678282782  0.1335895665323667
0.2848003975182319  0.1526274279047394  0.1321729696134926
0.2848050583902434  0.1540475738015302  0.1307574845887133
0.284809807785547  0.1554665637437607  0.1293432440417863
0.2848146364341277  0.1568842560659539  0.1279303803681738
0.2848195350054245  0.1583005092257197  0.1265190257797047
0.2848244941266501  0.1597151818174455  0.1251093123092045
0.2848295044010847  0.1611281325859666  0.1237013718151181
0.2848345564263184  0.162539220440267  0.1222953359860514
0.2848396408123341  0.1639483044671223  0.1208913363452118
0.2848447481994932  0.1653552439447872  0.119489504254706
0.2848498692763285  0.1667598983566653  0.1180899709196632
0.2848549947971198  0.1681621274049455  0.1166928673921743
0.2848601155992564  0.1695617910243066  0.1152983245749498
0.2848652226202435  0.1709587493955066  0.1139064732247369
0.2848703069144973  0.1723528629590751  0.1125174439554222
0.2848753596697161  0.1737439924289263  0.1111313672407898
0.2848803722229178  0.1751319988059977  0.1097483734169201
0.2848853360760449  0.1765167433918594  0.1083685926841855
0.2848902429111657  0.1778980878023353  0.1069921551088303
0.284895084605201  0.1792758939810939  0.1056191906241071
0.2848998532441533  0.1806500242132558  0.1042498290308975
0.2849045411368154  0.1820203411389543  0.1028841999978611
0.28490914082796  0.1833867077669098  0.1015224330610503
0.2849136451109449  0.1847489874879768  0.100164657622968
0.284918047039741  0.1861070440886878  0.0988110029510532
0.2849223399403634  0.1874607417647813  0.09746159817558203
0.2849265174216457  0.1888099451347025  0.0961165722869432
0.2849305733853652  0.190154519253085  0.09477605413228016
0.2849345020357559  0.191494329624237  0.09344017241151886
0.2849382978882727  0.1928292422155763  0.09210905567269639
0.2849419557777012  0.1941591234710557  0.09078283230664545
0.2849454708655671  0.1954838403246003  0.08946163054096685
0.2849488386467772  0.1968032602134403  0.08814557843333688
0.2849520549555979  0.1981172510915055  0.08683480386409237
0.2849551159708851  0.1994256814427847  0.0855294345281004
0.2849580182204447  0.2007284202945206  0.08422959792592406
0.2849607585848845  0.2020253372306196  0.08293542135426481
0.2849633343004522  0.2033163024047659  0.08164703189568631
0.2849657429613585  0.2046011865537332  0.08036455640762519
0.2849679825211444  0.2058798610105192  0.07908812151062521
0.2849700512933912  0.2071521977174661  0.07781785357592515
0.2849719479516715  0.2084180692393618  0.07655387871230966
0.2849736715287873  0.2096773487765547  0.07529632275223258
0.2849752214151571  0.2109299101779163  0.07404531123724081
0.2849765973565632  0.2121756279538329  0.07280096940273038
0.2849777994511633  0.213414377289146  0.0715634221620173
0.2849788281457339  0.2146460340560307  0.07033279408970319
0.2849796842312524  0.2158704748268176  0.06910920940443478
0.284980368837812  0.2170875768868219  0.06789279195099009
0.2849808834287598  0.2182972182470103  0.06668366518174956
0.2849812297942751  0.2194992776566994  0.06548195213757568
0.2849814100442947  0.2206936346162061  0.06428777542808861
0.2849814266007409  0.2218801693893542  0.06310125721138667
0.284981282189229  0.2230587630160261  0.06192251917320282
0.2849809798301034  0.2242292973245261  0.06075168250557729
0.2849805228290111  0.2253916549440132  0.05958886788499795
0.2849799147668533  0.2265457193167582  0.05843419545009506
0.2849791594892564  0.2276913747103805  0.05728778477887592
0.2849782610955597  0.2288285062299996  0.05614975486556002
0.2849772239273455  0.2299569998303324  0.05502022409701314
0.2849760525564931  0.231076742327671  0.05389931022882204
0.2849747517728523  0.2321876214118059  0.05278713036104634
0.284973326571567  0.2332895256578814  0.05168380091368562
0.284971782139984  0.2343823445381161  0.05058943760186795
0.2849701238443358  0.2354659684335331  0.04950415541080272
0.2849683572160246  0.236540288645487  0.04842806857053754
0.2849664879377175  0.2376051974071572  0.04736129053056025
0.2849645218292017  0.2386605878949535  0.04630393393424825
0.2849624648330569  0.2397063542397974  0.04525611059325955
0.284960323000155  0.2407423915383428  0.04421793146181217
0.2849581024750217  0.2417685958640379  0.04318950661098386
0.2849558094811664  0.2427848642781886  0.04217094520297786
0.2849534503062255  0.2437910948407801  0.04116235546544546
0.2849510312871826  0.2447871866212795  0.04016384466590314
0.2849485587955551  0.2457730397093021  0.03917551908625301
0.2849460392226473  0.2467485552252061  0.03819748399744126
0.2849434789647983  0.2477136353304872  0.03722984363431106
0.2849408844088107  0.2486681832381568  0.03627270117065385
0.2849382619174623  0.2496121032229178  0.03532615869454452
0.284935617815216  0.2505453006312869  0.03439031718392917
0.284932958374055  0.2514676818914973  0.03346527648255769
0.2849302897996844  0.2523791545234487  0.03255113527623563
0.28492761821783  0.2532796271483397  0.0316479910694903
0.2849249496609081  0.2541690094982912  0.03075594016261695
0.2849222900549767  0.2550472124257735  0.02987507762920322
0.2849196452071119  0.2559141479130181  0.02900549729409382
0.2849170207929718  0.2567697290810931  0.02814729171187875
0.2849144223449355  0.2576138701990251  0.02730055214591042
0.2849118552406167  0.258446486692759  0.02646536854785772
0.2849093246917145  0.2592674951538625  0.02564182953785197
0.2849068357334386  0.2600768133481871  0.02483002238525158
0.28490439321442  0.2608743602244017  0.02403003299001826
0.2849020017870882  0.2616600559223485  0.0232419458647397
0.2848996658985344  0.2624338217811945  0.02246584411733994
0.284897389782033  0.2631955803475586  0.02170180943447434
0.2848951774490694  0.263945255383444  0.02094992206562541
0.2848930326818682  0.2646827718739326  0.02021026080793554
0.2848909590266474  0.2654080560348758  0.01948290299177151
0.2848889597873828  0.2661210353203295  0.01876792446705335
0.2848870380202236  0.2668216384298795  0.01806539959034409
0.2848851965285544  0.2675097953158452  0.0173754012127092
0.284883437858626  0.2681854371902447  0.01669800066838127
0.2848817642958678  0.2688484965316633  0.01603326776420456
0.2848801778618878  0.2694989070920011  0.01538127076988668
0.2848786803120454  0.2701366039029916  0.01474207640905383
0.2848772731336993  0.2707615232825812  0.01411574985111803
0.2848759575451688  0.2713736028412175  0.01350235470395122
0.2848747344952455  0.2719727814878719  0.01290195300737361
0.2848736046634853  0.2725589994360353  0.01231460522744993
0.2848725684610043  0.2731321982094154  0.01174037025158886
0.2848716260320434  0.2736923206475901  0.01117930538445327
0.2848707772561025  0.2742393109114438  0.01063146634465872
0.2848700217507663  0.2747731144885064  0.01009690726225995
0.284869358875031  0.2752936781980164  0.009575680677014642
0.2848687877333571  0.27580095019593  0.009067837537427133
0.2848683071803618  0.2762948799798244  0.008573427200537378
0.2848679158258864  0.2767754183934337  0.008092497432452691
0.2848676120408659  0.2772425176312467  0.007625094409619144
0.2848673939635978  0.2776961312427977  0.007171262720800165
0.2848672595066744  0.2781362141369236  0.006731045369750856
0.284867206364344  0.2785627225857768  0.006304483778567157
0.2848672320203754  0.2789756142286769  0.005891617791698498
0.2848673337564981  0.2793748480759037  0.00549248568059438
0.2848675086611807  0.2797603845122152  0.005107124148965509
0.2848677536389306  0.2801321853002908  0.004735568338639847
0.284868065419996  0.2804902135840093  0.004377851835986707
0.2848684405704354  0.2808344338915551  0.004034006678880244
0.2848688755025384  0.2811648121383499  0.003704063364188493
0.2848693664856639  0.2814813156299127  0.003388050855751172
0.2848699096573301  0.2817839130645129  0.003085996592817098
0.284870501034573  0.2820725745356487  0.00279792649892431
0.2848711365256287  0.2823472715344418  0.002523864991186908
0.2848718119418217  0.2826079769518621  0.002263834989959498
0.2848725230096018  0.2828546650807514  0.002017857928850416
0.2848732653828723  0.2830873116178158  0.001785953765056595
0.284874034655332  0.283305893665347  0.001568140989984992
0.2848748263730216  0.2835103897328872  0.001364436640134422
0.2848756360469307  0.283700779738727  0.001174856308203721
0.2848764591656288  0.2838770450112328  0.0009994141543959389
0.2848772912079809  0.2840391682900914  0.0008381229178895127
0.2848781276558027  0.2841871337273616  0.0006909939284411411
0.2848789640065207  0.2843209268884279  0.0005580371180928606
0.2848797957857317  0.2844405347527803  0.0004392610329514083
0.2848806185597159  0.2845459457147069  0.0003346728450089832
0.2848814279477345  0.2846371495837604  0.000244278363974086
0.284882219634322  0.2847141375852387  0.0001680820490833871
0.2848829893812502  0.2847769023603859  0.0001060870208642895
0.2848837330393598  0.2848254379665414  5.829507281839695e-05
0.2848844465601083  0.2848597398771097  2.470668299866482e-05
0.2848851260069525  0.284879804981503  5.321025449462899e-06
0.2848857675663047  0.2848856315848212  1.359814834674883e-07
0.2848863675582488  0.2848772194074801  9.148150768674146e-06
0.2848869224469341  0.2848545695847357  3.235286219841626e-05
0.284887428850542  0.2848176846660223  6.974418451972944e-05
0.2848878835508603  0.2847665686141653  0.0001213149366950191
0.28488828350253  0.2847012268045566  0.0001870566979735005
0.2848886258417723  0.2846216660241219  0.0002669598176504489
0.2848889078946824  0.2845278944701912  0.0003610134244911373
0.2848891271850694  0.2844199217492686  0.0004692054358007882
0.2848892814417707  0.2842977588756518  0.0005915225661188259
0.2848893686054833  0.2841614182699611  0.0007279503355221734
0.2848893868350792  0.2840109137575628  0.0008784730775164111
0.2848893345133028  0.2838462605667996  0.001043073946503201
0.2848892102520184  0.2836674753272119  0.001221734924806479
0.2848890128967642  0.2834745760675229  0.001414436829241325
0.2848887415309106  0.2832675822136871  0.00162115931722346
0.2848883954789968  0.2830465145866  0.001841880892396776
0.2848879743096511  0.282811395399876  0.00207657890977512
0.2848874778378065  0.2825622482574156  0.00232522958039092
0.28488690612636  0.2822990981509162  0.002587807975443783
0.2848862594871714  0.2820219714572308  0.002864288029940674
0.284885538481465  0.2817308959356407  0.003154642545824278
0.2848847439196092  0.2814259007250124  0.003458843194596726
0.284883876860262  0.2811070163408394  0.003776860519422533
0.2848829386088617  0.2807742746721412  0.004108663936720502
0.284881930715589  0.2804277089783442  0.004454221737244823
0.2848808549726302  0.2800673538859703  0.004813501086659851
0.284879713410836  0.2796932453852277  0.005186468025608252
0.284878508295812  0.2793054208265252  0.005573087469286728
0.2848772421234058  0.278903918916875  0.005973323206530813
0.2848759176145646  0.2784887797161462  0.006387137898418356
0.2848745377096477  0.278060044633243  0.006814493076404743
0.2848731055621621  0.2776177564221649  0.007255349139997138
0.2848716245319513  0.2771619591779669  0.007709665353984451
0.2848700981778208  0.276692698332586  0.008177399845234808
0.2848685302497231  0.2762100206506415  0.008658509599081564
0.2848669246802952  0.2757139742249864  0.009152950455308744
0.2848652855759949  0.275204608472245  0.009660677103749899
0.2848636172078097  0.2746819741282769  0.01018164307953283
0.2848619240013812  0.2741461232434029  0.01071580075797831
0.2848602105268388  0.2735971091776565  0.01126310134918231
0.2848584814881089  0.273034986595817  0.0118234948922919
0.2848567417119433  0.2724598114624268  0.01239693024951646
0.2848549961365104  0.2718716410366281  0.01298335509988233
0.2848532497996716  0.2712705338669062  0.01358271593276547
0.2848515078269958  0.2706565497857717  0.01419495804122407
0.2848497754193667  0.2700297499042125  0.01482002551515425
0.2848480578405188  0.2693901966062116  0.01545786123430722
0.2848463604041264  0.2687379535429377  0.01610840686118869
0.2848446884608957  0.2680730856270352  0.01677160283386053
0.2848430473853477  0.2673956590266402  0.01744738835870744
0.284841442562528  0.2667057411593863  0.0181357014031417
0.2848398793745487  0.2660034006862106  0.01883647868833808
0.2848383631871006  0.2652887075051166  0.01954965568198395
0.2848368993359243  0.2645617327448216  0.02027516659110259
0.2848354931131509  0.2638225487581881  0.02101294435496284
0.2848341497537794  0.2630712291156641  0.02176292063811537
0.2848328744221353  0.2623078485985501  0.02252502582358531
0.2848316721984134  0.2615324831921507  0.0232991890062627
0.2848305480652947  0.260745210078799  0.02408533798649574
0.2848295068947419  0.2599461076307906  0.02488339926395135
0.2848285534348997  0.2591352554031537  0.02569329803174598
0.284827692297267  0.2583127341263783  0.02651495817088862
0.2848269279440131  0.2574786256989338  0.02734830224507935
0.2848262646756013  0.2566330131797337  0.02819325149586752
0.2848257066186306  0.2557759807804165  0.02904972583821406
0.2848252577141069  0.2549076138576122  0.0299176438564947
0.2848249217059253  0.2540279989049689  0.03079692280095645
0.2848247021297912  0.2531372235451207  0.03168747858467053
0.2848246023024934  0.2522353765215122  0.03258922578098122
0.2848246253116775  0.2513225476901527  0.03350207762152486
0.2848247740059542  0.2503988280111537  0.03442594599480057
0.2848250509855651  0.2494643095402354  0.03536074144532975
0.2848254585934766  0.2485190854200371  0.03630637317343954
0.2848259989070498  0.2475632498713618  0.03726274903568806
0.2848266737301902  0.2465968981842577  0.03822977554593242
0.2848274845861317  0.2456201267090261  0.03920735787710561
0.2848284327107132  0.244633032847041  0.04019539986367213
0.2848295190462847  0.2436357150414776  0.04119380400480709
0.2848307442362373  0.2426282727679235  0.04220247146831379
0.2848321086201763  0.241610806524881  0.04322130209529527
0.2848336122296834  0.2405834178241024  0.04425019440558098
0.2848352547848164  0.2395462091808592  0.04528904560395713
0.2848370356911387  0.2384992841039917  0.04633775158714695
0.2848389540375941  0.2374427470859701  0.04739620695162398
0.2848410085949339  0.2363767035927198  0.04846430500221421
0.2848431978149792  0.2353012600534436  0.04954193776153554
0.284845519830388  0.2342165238501499  0.05062899598023809
0.2848479724552714  0.2331226033072034  0.05172536914806804
0.2848505531865291  0.2320196076807592  0.05283094550576983
0.2848532592058147  0.2309076471479963  0.05394561205781838
0.2848560873822189  0.2297868327962509  0.05506925458596798
0.2848590342757349  0.2286572766121017  0.05620175766363317
0.2848620961413521  0.2275190914702618  0.05734300467109037
0.2848652689338683  0.2263723911223767  0.05849287781149161
0.2848685483134382  0.2252172901857418  0.05965125812769632
0.2848719296517637  0.2240539041318801  0.06081802551988354
0.2848754080389412  0.2228823492749676  0.0619930587639736
0.2848789782910293  0.2217027427602167  0.06317623553081257
0.2848826349582449  0.2205152025521298  0.06436743240611512
0.2848863723337907  0.2193198474226132  0.06556652491117745
0.2848901844633671  0.2181167969390549  0.06677338752431224
0.2848940651552035  0.2169061714521983  0.06798789370300516
0.2848980079906928  0.2156880920839594  0.06920991590673341
0.2849020063356772  0.2144626807151813  0.07043932562049597
0.2849060533522296  0.213230059973247  0.07167599337898259
0.2849101420109499  0.2119903532195865  0.07291978879136338
0.2849142651038049  0.2107436845370978  0.07417058056670714
0.2849184152574102  0.2094901787174729  0.07542823653993733
0.2849225849467978  0.2082299612484376  0.07669262369836029
0.2849267665096287  0.2069631583008996  0.07796360820872905
0.2849309521607475  0.2056898967159687  0.07924105544477886
0.2849351340071591  0.2044103039919448  0.08052483001521431
0.2849393040633461  0.2031245082711993  0.08181479579214683
0.2849434542668729  0.2018326383269519  0.08311081593992103
0.2849475764943363  0.2005348235500124  0.08441275294432385
0.2849516625774681  0.1992311939353705  0.08572046864209761
0.2849557043195077  0.1979218800687678  0.08703382425073992
0.2849596935118217  0.196607013113222  0.08835268039859966
0.2849636219505331  0.1952867247953658  0.08967689715516729
0.2849674814534111  0.1939611473918381  0.09100633406157307
0.2849712638767556  0.1926304137155418  0.09234085016121382
0.2849749611323474  0.1912946571018361  0.09368030403051129
0.2849785652043958  0.189954011394672  0.09502455380972383
0.284982068166523  0.1886086109327138  0.09637345723380919
0.2849854621986415  0.1872585905353379  0.09772687166330364
0.284988739603719  0.1859040854885949  0.09908465411512407
0.2849918928244685  0.1845452315311444  0.1004466612933241
0.2849949144598269  0.1831821648401067  0.1018127496197202
0.2849977972812686  0.1818150220168886  0.1031827752643801
0.2850005342488166  0.1804439400729213  0.1045565941758953
0.285003118526898  0.1790690564154601  0.1059340621114378
0.2850055434997941  0.1776905088332074  0.1073150346665867
0.2850078027868018  0.1763084354819899  0.1086993673048118
0.2850098902570007  0.1749229748703647  0.1100869153866361
0.2850118000436259  0.173534265845214  0.1114775341984119
0.2850135265580268  0.1721424475772941  0.1128710789807327
0.285015064503138  0.1707476595467581  0.1142674049563799
0.2850164088864254  0.1693500415286466  0.1156663673577788
0.2850175550323947  0.1679497335783855  0.1170678214540092
0.2850184985944693  0.1665468760172316  0.1184716225772377
0.2850192355662577  0.1651416094176889  0.1198776261485689
0.2850197622923661  0.1637340745889878  0.1212856877033783
0.2850200754783977  0.1623244125624405  0.1226956629159572
0.2850201722004348  0.160912764576888  0.1241074076235468
0.2850200499137224  0.1594992720640413  0.1255207778496811
0.2850197064608031  0.1580840766339357  0.1269356298268674
0.2850191400787814  0.1566673200602561  0.1283518200185253
0.2850183494059448  0.1552491442657473  0.1297692051401975
0.2850173334875969  0.1538296913075976  0.1311876421799993
0.2850160917811169  0.1524091033628144  0.1326069884183024
0.285014624160268  0.1509875227136443  0.1340271014466237
0.2850129309186751  0.1495650917329434  0.1354478391857317
0.2850110127724964  0.1481419528696083  0.1368690599028881
0.2850088708622882  0.1467182486339852  0.138290622228303
0.2850065067540863  0.1452941215833358  0.1397123851707505
0.2850039224395587  0.1438697143072448  0.1411342081323139
0.2850011203354134  0.1424451694131329  0.1425559509222805
0.2849981032819368  0.141020629511723  0.1439774737702138
0.2849948745406965  0.1395962372025712  0.1453986373381253
0.2849914377913607  0.1381721350595729  0.1468193027317878
0.2849877971278032  0.1367484656165677  0.1482393315112355
0.2849839570532262  0.1353253713528761  0.1496585857003501
0.2849799224745708  0.1339029946789611  0.1510769277956097
0.2849756986960613  0.1324814779220452  0.1524942207740161
0.2849712914119301  0.1310609633117954  0.1539103281001347
0.2849667066983751  0.1296415929660324  0.1553251137323426
0.2849619510047319  0.1282235088764954  0.1567384421282365
0.2849570311438309  0.1268068528945898  0.1581501782492411
0.2849519542816219  0.1253917667172146  0.1595601875644073
0.2849467279260997  0.1239783918726466  0.1609683360534531
0.2849413599154134  0.1225668697063955  0.1623744902090178
0.2849358584053927  0.121157341367175  0.1637785170382177
0.2849302318562941  0.1197499477928645  0.1651802840634295
0.2849244890189277  0.1183448296965233  0.1665796593224044
0.2849186389201528  0.1169421275524783  0.1679765113676745
0.2849126908478107  0.1155419815824334  0.1693707092653773
0.2849066543349711  0.1141445317416101  0.170762122593361
0.2849005391437128  0.112749917704961  0.1721506214387518
0.2848943552483886  0.1113582788534317  0.1735360763949569
0.2848881128182933  0.1099697542602389  0.1749183585580544
0.2848818222000071  0.1085844826772559  0.1762973395227512
0.2848754938992099  0.1072026025213778  0.177672891377832
0.2848691385621658  0.105824251861006  0.1790448867011597
0.2848627669568012  0.1044495684025315  0.1804131985542697
0.2848563899534794  0.1030786894769021  0.1817777004765773
0.2848500185054829  0.1017117520262189  0.183138266479264
0.2848436636291923  0.1003488925903955  0.1844947710387969
0.2848373363841565  0.09899024729390879  0.1858470890902477
0.2848310478528944  0.09763595183253941  0.187195096020355
0.2848248091205673  0.09628614146019955  0.1885386676603677
0.2848186312545934  0.094940950975822  0.1898776802787714
0.2848125252841514  0.0936005147103019  0.1912120105738495
0.2848065021796769  0.09226496651347493  0.192541535666202
0.2848005728323562  0.09093443974118651  0.1938661330911697
0.2847947480337262  0.08960906724238119  0.195185680791345
0.2847890384553146  0.08828898134628858  0.196500057109026
0.284783454628402  0.08697431384961418  0.1978091407787879
0.2847780069239946  0.08566519600385028  0.1991128109201443
0.2847727055330207  0.08436175850260452  0.2004109470304162
0.2847675604466933  0.08306413146898169  0.2017034289777116
0.2847625814372664  0.08177244444306909  0.2029901369941973
0.2847577780390051  0.08048682636942454  0.2042709516695805
0.2847531595295926  0.07920740558466582  0.2055457539449267
0.2847487349119543  0.07793430980510974  0.2068144251068446
0.2847445128964269  0.07666766611445046  0.2080768467819765
0.2847405018834601  0.07540760095152944  0.2093329009319307
0.2847367099467834  0.0741542400981319  0.2105824698486515
0.2847331448171984  0.07290770866690224  0.2118254361502961
0.284729813866812  0.07166813108923006  0.2130616827775819
0.2847267240939523  0.07043563110328313  0.2142910929906692
0.284723882108709  0.06921033174206689  0.2155135503666422
0.284721294119118  0.06799235532153071  0.2167289387975873
0.2847189659180569  0.06678182342877684  0.2179371424892801
0.2847169028708167  0.06557885691028038  0.2191380459605363
0.2847151099034584  0.06438357586022905  0.2203315340432293
0.2847135914919182  0.06319609960887766  0.2215174918830405
0.2847123516519109  0.06201654671099954  0.2226958049409114
0.2847113939296444  0.06084503493439437  0.22386635899525
0.2847107213933205  0.05968168124842758  0.225029040144893
0.2847103366256165  0.0585266018127172  0.2261837348128993
0.2847102417168589  0.05737991196577217  0.2273303297510868
0.2847104382592131  0.05624172621381136  0.2284687120454017
0.2847109273417087  0.05511215821956894  0.2295987691221398
0.2847117095461879  0.05399132079119871  0.2307203887549892
0.2847127849441905  0.05287932587125634  0.2318334590729342
0.2847141530947505  0.05177628452572388  0.2329378685690266
0.2847158130431368  0.0506823069331325  0.2340335061100043
0.2847177633205147  0.04959750237371491  0.2351202609467998
0.2847200019445832  0.04852197921868871  0.2361980227258945
0.2847225264211385  0.04745584491955134  0.2372666815015872
0.2847253337465929  0.04639920599748935  0.2383261277491035
0.2847284204113915  0.04535216803283075  0.2393762523785607
0.2847317824044993  0.04431483565461014  0.2404169467498891
0.2847354152186714  0.0432873125301628  0.2414481026885085
0.284739313856729  0.04226970135483085  0.2424696125018982
0.2847434728387701  0.04126210384173086  0.2434813689970393
0.2847478862102141  0.04026462071159678  0.2444832654986174
0.2847525475508428  0.03927735168272334  0.2454751958681194
0.2847574499846425  0.03830039546096083  0.2464570545236817
0.2847625861905452  0.0373338497298107  0.2474287364607345
0.2847679484140542  0.03637781114060203  0.2483901372734522
0.2847735284795925  0.03543237530273587  0.2493411531768567
0.2847793178037783  0.03449763677404294  0.2502816810297354
0.2847853074094274  0.03357368905120475  0.2512116183582226
0.2847914879403209  0.03266062456026714  0.2521308633800537
0.2847978496767257  0.03175853464725314  0.2530393150294725
0.2848043825516005  0.03086750956884567  0.2539368729827549
0.2848110761674912  0.02998763848318495  0.2548234376843062
0.284817919814118  0.02911900944075545  0.2556989103733626
0.2848249024865233  0.02826170937533474  0.2565631931111886
0.2848320129038333  0.02741582409509253  0.2574161888087408
0.2848392395285758  0.0265814382737407  0.2582578012548351
0.2848465705865273  0.02575863544181269  0.2590879351447146
0.2848539940870251  0.02494749797801833  0.2599064961090067
0.284861497843745  0.02414810710072854  0.2607133907430165
0.284869069495874  0.02336054285952978  0.2615085266363443
0.2848766965296379  0.02258488412691762  0.2622918124027203
0.2848843663002363  0.02182120859007987  0.2630631577101565
0.2848920660539823  0.02106959274278292  0.2638224733111994
0.2848997829507227  0.02033011187738006  0.2645696710733426
0.2849075040865036  0.0196028400769266  0.265304664009577
0.2849152165163406  0.01888785020740099  0.2660273663089396
0.2849229072771842  0.01818521391006193  0.2667376933671222
0.2849305634109139  0.0174950015938901  0.2674355618170238
0.2849381719874087  0.01681728242818036  0.2681208895592283
0.2849457201275742  0.01615212433522566  0.2687935957923486
0.2849531950263671  0.01549959398314475  0.2694536010432223
0.284960583975752  0.01485975677882408  0.2701008271969279
0.2849678743874501  0.01423267686097465  0.2707351975264755
0.2849750538155499  0.01361841709332601  0.2713566367222239
0.2849821099789606  0.01301703905795579  0.2719650709210048
0.2849890307835122  0.01242860304872577  0.2725604277347864
0.2849958043438148  0.0118531680648663  0.2731426362789485
0.2850024190047669  0.01129079180469123  0.2737116272000757
0.2850088633626702  0.01074153065943716  0.274267332703233
0.2850151262859409  0.01020543970724955  0.2748096865786914
0.2850211969353393  0.00968257270729783  0.2753386242280415
0.2850270647837133  0.009172982094035251  0.275854082689678
0.2850327196351939  0.008676718971588141  0.2763560006636058
0.2850381516438522  0.008193833108302241  0.27684431853555
0.2850433513317103  0.007724372931413707  0.2773189784002966
0.2850483096060811  0.007268385521873765  0.2777799240842074
0.2850530177763361  0.006825916609323478  0.2782271011670127
0.2850574675698611  0.00639701056719608  0.278660457002665
0.2850616511473069  0.005981710407989387  0.2790799407393175
0.2850655611170752  0.005580057778669289  0.2794855033384059
0.2850691905490227  0.005192092956234426  0.2798770975927883
0.2850725329873227  0.004817854843423589  0.2802546781438991
0.2850755824624749  0.004457380964578249  0.2806182014978966
0.2850783335024701  0.004110707461658001  0.2809676260408121
0.2850807811430035  0.00377786909040681  0.2813029120525967
0.2850829209368588  0.003458899216683973  0.2816240217201749
0.2850847489623047  0.003153829812931986  0.2819309191493727
0.2850862618305572  0.002862691454815662  0.2822235703757416
0.2850874566922684  0.002585513318016872  0.2825019433742516
0.2850883312431051  0.002322323175176826  0.2827660080679282
0.2850888837282236  0.002073147393003749  0.2830157363352198
0.2850891129458339  0.001838010929540606  0.2832511020162933
0.285089018249773  0.001616937331588191  0.2834720809181848
0.2850885995510155  0.001409948732285312  0.2836786508187301
0.2850878573182006  0.001217065848856347  0.2838707914693442
0.2850867925771567  0.001038307980510605  0.2840484845966462
0.2850854069093878  0.0008736930065074763  0.2842117139028803
0.2850837024495591  0.000723237384380575  0.2843604650651785
0.2850816818820014  0.0005869561483223571  0.284494725733679
0.2850793484362075  0.0004648629077284878  0.284614485528479
0.2850767058812976  0.0003569698459036687  0.284719736035394
0.2850737585195515  0.0002632877189297986  0.2848104708006217
0.2850705111789619  0.000183825854691404  0.2848866853242705
0.2850669692047983  0.0001185921520635353  0.2849483770527347
0.2850631384503006  6.759308026053715e-05  0.2849955453700401
0.2850590252663582  3.083367834214599e-05  0.2850281915880161
0.2850546364903728  8.317554881617801e-06  0.2850463189354912
0.2850499794341748  4.688779184100948e-08  0.285049932546383
0.285045061871146  6.022424310207225e-06  0.2850390394468358
0.2850398920224143  2.624348114213129e-05  0.2850136485412722
0.285034478542323  6.070794476197665e-05  0.284973770597561
0.2850288305030831  0.0001094122718718243  0.2849194182312113
0.2850229573786461  0.0001723514900150602  0.2848506058886311
0.2850168690279143  0.0002495191983482872  0.284767349829566
0.2850105756772013  0.0003409075685655445  0.2846696681086358
0.2850040879020587  0.0004465073459800148  0.2845575805560787
0.2849974166084563  0.0005663078507565795  0.2844311087576997
0.2849905730134192  0.000700296979296923  0.2842902760341223
0.2849835686250341  0.0008484612057801597  0.284135107419254
0.2849764152220108  0.001010785583848854  0.283965629638162
0.2849691248327254  0.001187253748450892  0.2837818710842745
0.2849617097138459  0.001377847917823306  0.2835838617960226
0.2849541823285323  0.001582548895631828  0.2833716334329005
0.2849465553242871  0.001801336073250711  0.2831452192510364
0.2849388415104872  0.002034187432193335  0.2829046540782938
0.2849310538356459  0.002281079546680752  0.2826499742889651
0.2849232053644618  0.002541987586362584  0.2823812177780992
0.2849153092546161  0.002816885319174785  0.2820984239354413
0.2849073787334648  0.003105745114338138  0.2818016336191266
0.284899427074634  0.003408537945501261  0.2814908891291327
0.2848914675745059  0.003725233394015788  0.2811662341804901
0.2848835135287416  0.00405579965235717  0.2808277138763844
0.2848755782087863  0.004400203527674568  0.2804753746811118
0.2848676748384861  0.004758410445480657  0.2801092643930055
0.284859816570777  0.005130384453472376  0.2797294321173047
0.2848520164645495  0.005516088225490168  0.2793359282390593
0.2848442874616986  0.005915483065601259  0.2789288043960974
0.2848366423644116  0.006328528912314257  0.2785081134520973
0.2848290938127673  0.006755184342929535  0.2780739094698377
0.2848216542626191  0.007195406578011812  0.2776262476846073
0.2848143359638565  0.00764915148599068  0.2771651844778659
0.2848071509390624  0.0081163735878869  0.2766907773511755
0.284800110962608  0.008597026062154199  0.2762030849004539
0.2847932275402617  0.009091060749666875  0.2757021667905948
0.2847865118892745  0.009598428158802085  0.2751880837304724
0.2847799749190175  0.01011907747065969  0.2746608974483578
0.2847736272122229  0.01065295654439521  0.2741206706678277
0.2847674790068653  0.01120001192267798  0.2735674670841873
0.2847615401786193  0.01176018883724942  0.2730013513413698
0.2847558202240968  0.01233343121462642  0.2724223890094704
0.2847503282447317  0.01291968168188235  0.2718306465628494
0.2847450729314451  0.01351888157257749  0.2712261913588676
0.2847400625500416  0.01413097093278365  0.270609091617258
0.2847353049274414  0.0147558885272173  0.269979416400224
0.2847308074386969  0.01539357184549658  0.2693372355932003
0.2847265769948912  0.01604395710849978  0.2686826198863915
0.2847226200318397  0.01670697927483485  0.2680156407570049
0.2847189424997347  0.01738257204741424  0.2673363704523204
0.2847155498536695  0.01807066788014855  0.266644881973521
0.2847124470450404  0.01877119798472834  0.2659412490603121
0.284709638513908  0.01948409233752134  0.2652255461763866
0.284707128182345  0.02020927968657748  0.2644978484957675
0.2847049194486544  0.02094668755873728  0.2637582318899171
0.2847030151825806  0.02169624226682553  0.263006772915755
0.2847014177215225  0.02245786891698923  0.2622435488045333
0.2847001288676457  0.02323149141608277  0.2614686374515629
0.2846991498860452  0.02401703247919548  0.2606821174068498
0.2846984815038621  0.0248144136372659  0.2598840678665962
0.2846981239103544  0.02562355524479757  0.2590745686655568
0.2846980767579373  0.02644437648766706  0.2582537002702703
0.2846983391642601  0.02727679539104431  0.2574215437732157
0.284698909715185  0.02812072882739905  0.2565781808877859
0.2846997864687472  0.02897609252461799  0.2557236939441292
0.284700966960035  0.02984280107420159  0.2548581658858334
0.2847024482070853  0.03072076793958196  0.2539816802675033
0.2847042267175728  0.03160990546451433  0.2530943212530585
0.2847062984965544  0.03251012488157298  0.2521961736149814
0.2847086590550026  0.03342133632075664  0.251287322734246
0.2847113034192473  0.03434344881817223  0.2503678546010751
0.2847142261412988  0.03527637032481355  0.2494378558164852
0.284717421309964  0.03622000771545248  0.2484974135945115
0.2847208825628079  0.03717426679761112  0.2475466157651968
0.2847246030988887  0.03813905232062696  0.2465855507782617
0.2847285756922605  0.03911426798482763  0.2456143077074328
0.2847327927061934  0.04009981645078248  0.2446329762554109
0.2847372461081329  0.04109559934866145  0.2436416467594715
0.2847419274853329  0.04210151728767802  0.2426404101976549
0.2847468280611051  0.04311746986563296  0.2416293581954721
0.28475193871173  0.04414335567855648  0.2406085830331736
0.2847572499839047  0.04517907233042832  0.2395781776534764
0.284762752112785  0.04622451644300363  0.2385382356697814
0.2847684350405059  0.04727958366572682  0.2374888513747791
0.2847742884352032  0.0483441686857515  0.2364301197494518
0.2847803017104715  0.04941816523803728  0.2353621364724342
0.2847864640452015  0.05050146611552789  0.2342849979296736
0.2847927644038567  0.05159396317947444  0.2331988012243822
0.2847991915569854  0.05269554736979666  0.2321036441871888
0.284805734102077  0.05380610871554738  0.2309996253865296
0.2848123804846762  0.05492553634551193  0.2298868441391642
0.2848191190196469  0.05605371849883426  0.2287654005208126
0.2848259379126901  0.05719054253579692  0.2276353953768931
0.2848328252819031  0.05833589494864067  0.2264969303332624
0.2848397691794886  0.05948966137252411  0.2253501078069644
0.2848467576134774  0.06065172659653843  0.2241950310169389
0.2848537785694597  0.0618219745748269  0.2230318039946328
0.2848608200323152  0.06300028843780675  0.2218605315945084
0.2848678700078047  0.06418655050345715  0.2206813195043475
0.2848749165441234  0.06538064228873178  0.2194942742553917
0.2848819477532082  0.06658244452103379  0.2182995032321744
0.2848889518319206  0.06779183714978344  0.2170971146821372
0.284895917082962  0.06900869935808789  0.2158872177248741
0.2849028319355387  0.07023290957450853  0.2146699223610302
0.2849096849656735  0.0714643454848814  0.2134453394807921
0.2849164649162192  0.07270288404427239  0.2122135808719469
0.2849231607164302  0.07394840148898549  0.2109747592274447
0.2849297615011419  0.0752007733486682  0.2097289881524736
0.2849362566295184  0.07645987445851356  0.2084763821710049
0.2849426357032639  0.07772557897154524  0.2072170567317187
0.2849488885843258  0.07899776037098534  0.2059511282133404
0.2849550054120316  0.08027629148269254  0.2046787139293391
0.2849609766196819  0.08156104448771989  0.203399932131962
0.2849667929504794  0.08285189093492906  0.2021149020155504
0.2849724454728221  0.0841487017536925  0.2008237437191296
0.2849779255949368  0.08545134726668228  0.1995265783282545
0.2849832250788191  0.08675969720273388  0.1982235278760852
0.2849883360534554  0.08807362070981421  0.1969147153436412
0.2849932510272464  0.0893929863680209  0.1956002646592255
0.2849979628997452  0.09071766220270668  0.1942803006970386
0.2850024649725612  0.09204751569765859  0.1929549492749026
0.2850067509594746  0.09338241380835084  0.1916243371511238
0.2850108149957267  0.09472222297527987  0.1902885920204469
0.2850146516464908  0.09606680913738458  0.1889478425091062
0.2850182559144603  0.09741603774550485  0.1876022181689555
0.2850216232466152  0.09876977377594906  0.1862518494706662
0.2850247495400975  0.100127881744095  0.1848968677960024
0.2850276311472346  0.1014902257180939  0.1835374054291407
0.2850302648796386  0.1028566693326194  0.1821735955470193
0.2850326480114296  0.1042270758026686  0.180805572208761
0.2850347782816283  0.1056013079374671  0.1794334703441612
0.2850366538955625  0.1069792281544008  0.1780574257411617
0.2850382735254398  0.1083606984930163  0.1766775750324235
0.2850396363100135  0.1097455806290724  0.1752940556809411
0.2850407418533991  0.1111337358886806  0.1739070059647185
0.2850415902229343  0.1125250252624481  0.1725165649604862
0.2850421819462579  0.1139193094197172  0.1711228725265406
0.2850425180074675  0.1153164487228349  0.1697260692846327
0.2850425998424434  0.1167163032414624  0.1683262966009809
0.2850424293333493  0.1181187327669571  0.1669236965663922
0.2850420088022921  0.1195235968267742  0.1655184119755179
0.2850413410041646  0.1209307546989224  0.1641105863052423
0.2850404291187344  0.122340065426457  0.1627003636922774
0.2850392767419296  0.1237513878320057  0.161287888909924
0.2850378878763864  0.125164580532337  0.1598733073440494
0.2850362669212619  0.1265795019529583  0.1584567649683036
0.2850344186613584  0.12799601034274  0.1570384083186183
0.2850323482555499  0.1294139637885855  0.1556183844669645
0.2850300612245439  0.1308332202301044  0.1541968409944394
0.2850275634380297  0.132253637474302  0.1527739259637277
0.285024861101259  0.1336750732103446  0.1513497878909144
0.2850219607409855  0.1350973850242713  0.1499245757167142
0.2850188691909193  0.1365204304137675  0.1484984387771518
0.2850155935766608  0.1379440668029386  0.1470715267737221
0.2850121413001524  0.1393681515571069  0.1456439897430455
0.2850085200236789  0.1407925419975867  0.1442159780260922
0.2850047376534789  0.1422170954164945  0.1427876422369845
