1.394193230361524  1.394193230361524 0.1284090128771403  0.1284090128771403
1.394195798541782  6.420450644473163e-07 0.1284113523940644  5.848792310469975e-07
1.394197082631911  4.28030042742833e-07 0.1284125221525265  3.899194873369094e-07
1.394198366722039  3.210225323346805e-07 0.1284136919109885  2.924396154957432e-07
1.394199650812168  2.568180257345176e-07 0.1284148616694506  2.339516924076968e-07
1.394200934902297  2.140150214824388e-07 0.1284160314279126  1.949597436823325e-07
1.394202218992426  1.834414466994616e-07 0.1284172011863746  1.671083517118532e-07
1.394203503082555  1.605112660563179e-07 0.1284183709448367  1.462198077617494e-07
1.394204787172683  1.426766809142777e-07 0.1284195407032988  1.299731624548883e-07
1.394206071262812  1.284090125341919e-07 0.1284207104617608  1.169758462038484e-07
1.394207355352941  1.167354661824049e-07 0.1284218802202229  1.063416783797511e-07
1.394208639443069  1.070075106301971e-07 0.1284230499786849  9.747987184116624e-08
1.394209923533198  9.877616391484878e-08 0.128424219737147  8.998142017602184e-08
1.394211207623327  9.172072346075311e-08 0.128425389495609  8.355417588368219e-08
1.394212491713456  8.560600894824688e-08 0.128426559254071  7.798389745072853e-08
1.394213775803585  2.054544206031572e-05 0.1284277290125331  1.871613539278227e-05
