1.394193230361524  0.1284095977563713  1.394195798553479
6.42045064669361e-07  1.020359161090782e-06  6.420476155672637e-07
4.28030042742833e-07  6.80273683139978e-07  4.280323103217768e-07
3.210225323346805e-07  5.102138229349625e-07  3.210244456365165e-07
2.568180257345176e-07  4.081744825772393e-07  2.568196584324479e-07
2.140150214824388e-07  3.401471143048713e-07  2.140164387620817e-07
1.83441446477417e-07  2.915556477190033e-07  1.834426960016215e-07
1.605112660563179e-07  2.551118032394229e-07  1.605123821704571e-07
1.42676680692233e-07  2.267664549901394e-07  1.426776885431441e-07
1.284090125341919e-07  2.040900948500537e-07  1.284099309396187e-07
1.167354661824049e-07  1.855366573832668e-07  1.167363095308476e-07
1.070075106301971e-07  1.700754249060375e-07  1.070082901425612e-07
9.877616413689339e-08  1.569928197080521e-07  9.877688871913819e-08
9.172072368279771e-08  1.457791409026939e-07  9.172140051452333e-08
8.560600917029149e-08  1.360606067264339e-07  8.560664411978954e-08
2.054544206031572e-05  1.958399973965512e-05  2.05455338603145e-05
