-0  1.394193230361524
-4.109088412462825e-05  6.420450644473163e-07
-2.054544205165598e-05  4.28030042742833e-07
-1.369696137961303e-05  3.210225323346805e-07
-1.02727210293807e-05  2.568180257345176e-07
-8.21817682492565e-06  2.140150214824388e-07
-6.848480676779901e-06  1.834414466994616e-07
-5.870126301488199e-06  1.605112660563179e-07
-5.136360512913996e-06  1.426766809142777e-07
-4.56565377899349e-06  1.284090125341919e-07
-4.109088409620654e-06  1.167354661824049e-07
-3.735534916545062e-06  1.070075106301971e-07
-3.424240349048091e-06  9.877616391484878e-08
-3.160837239262876e-06  9.172072346075311e-08
-2.935063163939893e-06  8.560600894824688e-08
-0.0007012844223254433  2.054544206031572e-05
