1.394193230361524
3.506389243842652
2.583837834722885
2.129269669322501
1.288153048819815
2.648778810251514
2.145040284162399
1.476041417256511
3.742082151483265
-1.079232989457819
1.824332495052093
2.924441323373632
0.5320780871614872
1.910590688569781
0.7000072561540218
1.551998719317611
1.394200201327676  1.394200201327676
3.506406775788871  3.506406775788871
2.583850753912059  2.583850753912059
2.129280315670848  2.129280315670848
1.288159489585059  1.288159489585059
2.648792054145565  2.648792054145565
2.14505100936382  2.14505100936382
1.476048797463598  1.476048797463598
3.742100861894023  3.742100861894023
-1.079238385622766  -1.079238385622766
1.824341616714568  1.824341616714568
2.924455945580249  2.924455945580249
0.532080747551923  0.532080747551923
1.910600241523224  1.910600241523224
0.7000107561903026  0.7000107561903026
1.552006479311207  1.552006479311207
