-0.8996575458462204
0.4937948351633039
1.130946574028563
0.5390004405894083
0.2440323481715495
-0.1799292742369543
-0.192976330726892
-1.217146321636275
-1.00160150755079
0.4819084048809011
0.306464722636543
0.8012290713337006
-0.1778149180253896
-1.26809273771336
-0.8209710676725758
-0.9877601564255487
1.357534914421988
0.0794890729721258
-3.27753793200118
0.03678907765196449
-0.486134105111641
-0.003616397846437461
0.5714786850094111
0.828211081964454
-1.728470094688803
-0.9065002412035991
-0.4032079741976363
0.3308508360262239
-1.567027851531934
0.6222044568067268
-0.7479479156945361
-0.09647299257706628
-2.21000203837448
-2.386238086204378
-0.7821703046449776
-0.3337330833452385
-0.07600287623779155
0.2485349441954963
0.3928042611880314
-0.6852511359348019
1.031131859256748
-1.673911005908588
-0.847058320836677
-2.379764351541941
-0.7160324187963836
-1.628727118924035
0.7013853812529707
0.6656948296279386
-1.80654301870322
-1.630868509556423
-0.2798328820637761
-0.4190721110949262
-2.347400498659518
-0.1075513085217966
-0.02208637110545378
0.6250962789583523
1.094279293573694
0.7301743288716375
1.983896439281019
0.05646288455607174
-2.034457299963309
-0.8862031847453697
0.8805995801301515
-0.6159852636360045
0.09425926684654545
0.02000380381507664
-0.08700174478265624
0.3608005115638572
-0.4319515128189191
-0.8124015886987094
0.3973504425624206
0.9227879436785849
-0.1572331549841873
-0.6782047718916719
-1.010282799603422
0.9805125655738735
0.8143317465565751
-2.34258115008091
0.7749865382923254
0.2356007738390218
-0.9148769147606948
0.4339895005475531
-0.2550816540657394
2.560960339687037
-0.698240544516973
-0.8569781051619643
-0.2157547241040554
-0.5202506280504807
-0.6132923436305726
0.5258613816257753
-1.051116768649256
-0.673113752902054
1.095434497776928
-1.309283066230466
-0.1344937499387192
-0.7619370268422352
-0.03560207585631558
0.3586513544638004
0.385404518901399
-0.7595919343836102
0.0374906897681211
-0.3312094857639149
1.020331492372386
0.3229408799552069
1.32061509248832
1.234011813564457
-0.3852595632072054
-0.8156337110890632
0.7007166588258644
-0.7535205922474932
-0.7439556854588629
-1.916574883813838
0.2310486895049098
-0.05691923323540254
1.099578330192145
1.613808105770419
0.3328902074064527
-1.54521800695766
0.1604264519984532
1.775469687863224
-0.2127136454275398
1.400277634219696
-0.06262251141306896
1.037598056626581
1.473846806636085
0.8099436677545426
-0.520761703265345
-0.5998907838393642
0.7604434110216982
2.068385242364437
-0.1865768131575216
-0.5100592574499032
-0.3002549629876069
0.3768641121622354
1.446750528116725
2.427410067667607
0.1462033235517792
-0.3003449174405893
0.5102707712491483
-0.03941868594455356
1.391578038525057
-0.6515391916758106
0.3280857235238936
0.8250512812716254
1.155115575951533
-0.5590573529151455
-0.9502833906572499
-0.4341044713100569
1.668768127592144
0.8416667798696624
0.1736129672407405
1.820421443374521
0.9998732759111525
-1.113392246109672
-0.3181893405449072
0.04420905789066222
1.450006800405997
1.089190781176443
0.1067224195718977
0.01384191365947969
0.3756522033065794
0.3318455941217057
-0.7710190550597691
-0.1155610399221955
-0.3456257767508361
-0.5274243188862617
1.296981516935195
-0.1166821385291476
-1.384736234530994
-0.07033313307599788
-2.196782394002203
-0.1548672134872401
0.07776778513777402
0.7723024447200143
1.180110843488117
0.7692675220829187
0.2003493820915913
0.01499264330374441
3.29923554710123
-0.947828969651859
-0.2376236487023563
0.735278407401029
0.3109360403390925
-0.7486029853059376
1.472128972885117
0.4655944686164588
-1.707614397163475
1.111235857700569
-0.5707414115021069
0.1760346304108937
-0.5962249655487137
-0.9033929614492638
0.9552847253766741
0.03203889585087374
0.608007810346565
0.7932701555921012
0.4566279315532696
-0.03187766661135909
-0.3854613400647949
-0.3056612169295335
