1.69736951304865  0.7110191973013799
1.700956240559504  0.7236359397652983
1.704605872446303  0.7361803186352402
1.708318043745856  0.7486510794733187
1.712092383241036  0.7610469752034497
1.715928513497891  0.7733667662360604
1.719826050903396  0.7856092205920475
1.723784605703812  0.7977731140259754
1.727803782043656  0.8098572301485006
1.731883178005297  0.821860360548011
1.736022385649136  0.8337813049114666
1.740220991054411  0.8456188711444311
1.744478574360581  0.8573718754902813
1.748794709809314  0.8690391426485824
1.753168965787067  0.8806195058926186
1.75760090486824  0.8921118071860655
1.762090083858927  0.9035148972987939
1.766636053841228  0.9148276359217923
1.771238360218145  0.9260488917811985
1.77589654275904  0.9371775427514267
1.780610135645659  0.9482124759673798
1.785378667518714  0.9591525879357361
1.790201661525017  0.9699967846452988
1.795078635365167  0.980743981676397
1.80000910134178  0.9913931043093275
1.80499256640826  1.001943087631827
1.810028532218099  1.012392876645564
1.815116495174716  1.022741426371636
1.820255946481815  1.03298770195507
1.825446372194266  1.043130678768309
1.830687253269498  1.053169342513672
1.835978065619403  1.063102689324783
1.841318280162746  1.072929725866961
1.846707362878073  1.082649469436553
1.852144774857112  1.092260948059201
1.857629972358665  1.101763200587043
1.863162406862982  1.111155276794827
1.868741525126613  1.120436237474931
1.874366769237731  1.129605154531288
1.880037576671926  1.138661111072191
1.885753380348453  1.147603201501987
1.891513608686946  1.156430531611633
1.897317685664569  1.165142218668118
1.903165030873627  1.173737391502736
1.909055059579597  1.182215190598203
1.914987182779609  1.190574768174611
1.920960807261343  1.198815288274201
1.926975335662351  1.206935926844964
1.933030166529793  1.214935871823043
1.939124694380581  1.222814323213939
1.945258309761932  1.230570493172514
1.951430399312307  1.238203606081772
1.95764034582275  1.245712898630422
1.963887528298611  1.253097619889208
1.970171322021642  1.260357031386006
1.976491098612471  1.267490407179665
1.982846226093439  1.274497033932606
1.989236068951797  1.281376210982153
1.99565998820326  1.288127250410603
2.002117341455903  1.294749477114011
2.0086074829744  1.301242228869708
2.0151297637446  1.307604856402518
2.021683531538425  1.313836723449688
2.028268130979097  1.319937206824512
2.03488290360667  1.325905696478655
2.041527187943883  1.331741595563149
2.048200319562302  1.337444320488087
2.054901631148764  1.343013300980976
2.061630452572112  1.348447980143768
2.068386110950202  1.353747814508544
2.075167930717198  1.35891227409187
2.081975233691121  1.363940842447787
2.088807339141675  1.368833016719459
2.095663563858316  1.373588307689459
2.10254322221857  1.37820623982869
2.109445626256603  1.382686351343938
2.116370085732009  1.387028194224052
2.123315908198843  1.391231334284744
2.130282399074857  1.395295351212007
2.137268861710963  1.399219838604148
2.144274597460898  1.40300440401243
2.151298905751088  1.40664866898031
2.158341084150702  1.410152269081292
2.165400428441901  1.413514853955366
2.172476232690255  1.416736087344044
2.179567789315341  1.419815647123988
2.186674389161495  1.42275322533922
2.193795321568733  1.425548528231918
2.200929874443814  1.428201276271792
2.208077334331451  1.43071120418404
2.215236986485654  1.433078060975869
2.22240811494121  1.4353016099616
2.229590002585271  1.437381628786335
2.236781931229073  1.439317909448192
2.243983181679753  1.441110258319103
2.251193033812264  1.442758496164183
2.258410766641395  1.444262458159647
2.265635658393861  1.445621993909294
2.272866986580488  1.446836967459551
2.280104028068456  1.447907257313062
2.287346059153618  1.448832756440841
2.294592355632864  1.449613372292976
2.301842192876547  1.450249026807882
2.309094845900943  1.450739656420107
2.316349589440748  1.45108521206669
2.32360569802161  1.451285659192067
2.330862446032669  1.451340977751524
2.338119107799125  1.451251162213206
2.345374957654801  1.451016221558667
2.352629270014712  1.450636179281972
2.359881319447621  1.450111073387348
2.367130380748585  1.449440956385386
2.374375729011474  1.448625895287786
2.381616639701463  1.447665971600656
2.388852388727481  1.446561281316367
2.396082252514626  1.445311934903946
2.40330550807652  1.443918057298034
2.410521433087607  1.442379787886393
2.417729305955385  1.440697280495963
2.424928405892567  1.438870703377484
2.43211801298916  1.436900239188667
2.439297408284453  1.434786084975931
2.446465873838918  1.432528452154697
2.453622692806  1.430127566488248
2.460767149503801  1.42758366806515
2.467898529486651  1.424897011275246
2.475016119616553  1.422067864784214
2.482119208134494  1.419096511506703
2.48920708473162  1.415983248578042
2.496279040620274  1.412728387324523
2.503334368604866  1.409332253232272
2.510372363152597  1.405795185914697
2.517392320464013  1.402117539078531
2.524393538543383  1.398299680488457
2.531375317268898  1.394341991930334
2.538336958462686  1.390244869173018
2.545277765960628  1.386008721928785
2.552197045681974  1.381633973812359
2.559094105698752  1.377121062298552
2.56596825630496  1.372470438678514
2.572818810085537  1.367682568014609
2.579645081985106  1.362757929093903
2.586446389376476  1.357697014380287
2.593222052128909  1.352500329965233
2.599971392676129  1.347168395517183
2.606693736084081  1.341701744229581
2.613388410118425  1.336100922767556
2.620054745311757  1.330366491213254
2.626692075030558  1.32449902300983
2.633299735541855  1.318499104904106
2.639877066079598  1.312367336887892
2.646423408910734  1.306104332137988
2.652938109400979  1.299710716954871
2.659420516080283  1.293187130700058
2.665869980707979  1.286534225732176
2.672285858337605  1.27975266734172
2.678667507381396  1.27284313368453
2.68501428967445  1.265806315713971
2.691325570538536  1.258642917111841
2.697600718845568  1.251353654218
2.703839107080716  1.243939255958737
2.710040111405156  1.236400463773879
2.716203111718455  1.228738031542643
2.722327491720582  1.220952725508252
2.728412638973538  1.213045324201311
2.734457944962596  1.20501661836195
2.740462805157157  1.196867410860752
2.746426619071203  1.188598516618469
2.752348790323342  1.180210762524523
2.758228726696448  1.171704987354325
2.764065840196885  1.163082041685392
2.769859547113302  1.15434278781229
2.775609268075008  1.145488099660407
2.781314428109906  1.136518862698558
2.786974456701993  1.127435973850439
2.79258878784841  1.118240341404935
2.798156860116042  1.10893288492529
2.803678116697663  1.099514535157153
2.809152005467614  1.0899862339355
2.814577979037018  1.080348934090454
2.819955494808518  1.070603599351998
2.825284015030538  1.060751204253608
2.830563006851054  1.050792734034792
2.835791942370886  1.040729184542572
2.84097029869648  1.030561562131899
2.846097557992205  1.020290883565012
2.85117320753213  1.009918175909768
2.856196739751303  0.999444476436934
2.8611676522965  0.9888708325164559
2.866085448076467  0.9781983015127262
2.870949635311627  0.9674279506788453
2.875759727583256  0.9565608570498966
2.880515243882126  0.9455981073352429
2.885215708656608  0.9345407978098556
2.889860651860225  0.9233900342046872
2.894449608998655  0.9121469315960985
2.898982121176185  0.9008126142943501
2.903457735141598  0.8893882157311722
2.907876003333497  0.8778748783464212
2.912236483925062  0.8662737534738356
2.916538740868235  0.8545860012259027
2.920782343937321  0.8428127903778471
2.924966868772014  0.8309552982507536
2.929091896919829  0.8190147105938351
2.933157015877952  0.8069922214658573
2.937161819134487  0.7948890331157329
2.941105906209109  0.782706355862297
2.944988882693111  0.7704454079732748
2.948810360288842  0.7581074155434552
2.952569956848545  0.7456936123720813
2.956267296412563  0.7332052398394703
2.95990200924694  0.7206435467828752
2.963473731880392  0.7080097893716019
2.966982107140656  0.6953052309813913
2.970426784190206  0.6825311420680826
2.973807418561337  0.6696888000405672
2.977123672190612  0.6567794891330477
2.980375213452668  0.643804500276615
2.983561717193378  0.6307651309701545
2.986682864762369  0.6176626851505971
2.989738344044884  0.6044984730625246
2.992727849492994  0.5912738111271458
2.995651082156155  0.5779900218106543
2.998507749711101  0.5646484334919817
3.001297566491075  0.5512503803299599
3.0040202535144  0.5377972021299051
3.006675538512374  0.5242902442096374
3.009263155956497  0.5107308572649487
3.011782847085024  0.4971203972345335
3.014234359928842  0.4834602251643949
3.016617449336668  0.4697517070717397
3.018931876999559  0.4559962138083775
3.021177411474751  0.4421951209236343
3.023353828208796  0.4283498085267988
3.02546090956002  0.4144616611491106
3.027498444820287  0.4005320676053076
3.029466230236073  0.386562420854744
3.031364069028835  0.3725541178620949
3.033191771414693  0.3585085594576596
3.034949154623411  0.3444271501972785
3.036636042916666  0.3303112982218778
3.03825226760563  0.3161624151166548
3.039797667067833  0.3019819157699202
3.041272086763329  0.2877712182316085
3.042675379250149  0.2735317435714737
3.044007404199044  0.2592649157369817
3.045268028407519  0.2449721614109161
3.046457125813153  0.2306549098687093
3.047574577506206  0.2163145928355158
3.048620271741509  0.2019526443430386
3.049594103949637  0.1875705005861272
3.05049597674737  0.1731695997791571
3.051325799947428  0.1587513820122091
3.052083490567492  0.14431728910706
3.052768972838499  0.1298687644730001
3.053382178212221  0.1154072529624929
3.053923045368123  0.1009342007266894
3.054391520219488  0.08645105507081333
3.054787555918831  0.07195926430943014
3.055111112862583  0.05746027762161601
3.055362158695047  0.04295554490603971
3.055540668311643  0.02844651663597281
3.055646623861407  0.0139346437142423
3.055680014748785  -0.0005786226718596226
3.055640837634689  -0.01509183119569436
3.055529096436828  -0.02960353053640953
3.055344802329324  -0.04411226952407105
3.055087973741587  -0.05861659728478016
3.054758636356476  -0.07311506338576079
3.05435682310773  -0.08760621798040286
3.053882574176673  -0.1020886119532469
3.053335936988197  -0.1165607970648956
3.052716966206023  -0.1310213260968378
3.052025723727229  -0.1454687529961703
3.051262278676062  -0.1599016330202032
3.050426707397027  -0.1743185228809341
3.049519093447253  -0.1887179808893769
3.048539527588134  -0.2030985670997307
3.047488107776255  -0.2174588434533746
3.0463649391536  -0.2317973739226731
3.045170134037029  -0.2461127246545794
3.043903811907054  -0.2604034641140202
3.042566099395888  -0.2746681632270496
3.041157130274783  -0.2889053955237563
3.039677045440651  -0.3031137372809106
3.038125992901974  -0.3172917676643369
3.036504127764007  -0.3314380688709967
3.034811612213264  -0.3455512262707694
3.0330486155013  -0.359629828547915
3.031215313927785  -0.3736724678422059
3.029311890822878  -0.3876777398897125
3.027338536528888  -0.4016442441632301
3.025295448381245  -0.4155705840123314
3.023182830688765  -0.4294553668030315
3.021000894713215  -0.4432972040570514
3.018749858648194  -0.4570947115906655
3.016429947597308  -0.4708465096531205
3.014041393551663  -0.4845512230646102
3.011584435366662  -0.4982074813537934
3.009059318738124  -0.5118139188948413
3.006466296177714  -0.5253691750439997
3.003805626987685  -0.5388718942756537
3.001077577234957  -0.5523207263178802
2.998282419724506  -0.5657143262874749
2.995420433972082  -0.5790513548244408
2.992491906176262  -0.5923304782259243
2.989497129189823  -0.6055503685795852
2.986436402490466  -0.6187097038963881
2.98331003215086  -0.6318071682428014
2.980118330808038  -0.6448414518723903
2.976861617632136  -0.657811251356792
2.97354021829447  -0.670715269716058
2.970154464934975  -0.6835522165483524
2.966704696128986  -0.696320808158992
2.963191256853385  -0.7090197676888157
2.959614498452098  -0.7216478252418705
2.955974778600966  -0.7342037180124013
2.952272461271974  -0.7466861904111307
2.948507916696855  -0.759093994190819
2.944681521330066  -0.7714258885710882
2.940793657811144  -0.7836806403625003
2.936844714926441  -0.7958570240898762
2.932835087570246  -0.8079538221148431
2.928765176705293  -0.8199698247575985
2.92463538932267  -0.8319038304178782
2.920446138401114  -0.843754645695116
2.916197842865718  -0.8555210855077844
2.911890927546036  -0.867201973211902
2.907525823133599  -0.8787961407186983
2.903102966138849  -0.8903024286114227
2.898622798847485  -0.9017196862612861
2.894085769276236  -0.9130467719425233
2.88949233112806  -0.9242825529465662
2.88484294374677  -0.9354259056953146
2.880138072071107  -0.9464757158534933
2.875378186588236  -0.9574308784400867
2.870563763286706  -0.968290297938836
2.865695283608847  -0.9790528884077916
2.860773234402628  -0.9897175735879064
2.855798107872968  -1.000283287010662
2.850770401532521  -1.010748972104717
2.845690618151921  -1.021113582301562
2.840559265709506  -1.031376081140176
2.83537685734052  -1.041535442370676
2.830143911285799  -1.051590650056939
2.82486095083995  -1.061540698678197
2.819528504299018  -1.071384593229586
2.814147104907655  -1.081121349321653
2.808717290805801  -1.090749993278787
2.803239604974867  -1.100269562236594
2.797714595183435  -1.109679104238177
2.792142813932485  -1.118977678329337
2.786524818400142  -1.128164354652663
2.780861170385958  -1.137238214540524
2.775152436254737  -1.146198350606931
2.769399186879889  -1.155043866838277
2.763601997586354  -1.16377387868294
2.75776144809306  -1.172387513139734
2.751878122454956  -1.180883908845214
2.745952609004608  -1.18926221615981
2.739985500293358  -1.197521597252789
2.73397739303208  -1.205661226186044
2.727928888031498  -1.21368028899668
2.721840590142113  -1.221577983778416
2.715713108193714  -1.229353520761774
2.709547054934495  -1.237006122393056
2.703343046969783  -1.244535023412099
2.697101704700374  -1.251939470928801
2.690823652260495  -1.259218724498409
2.68450951745539  -1.266372056195568
2.67815993169854  -1.273398750687108
2.671775529948519  -1.280298105303578
2.665356950645504  -1.287069430109518
2.658904835647424  -1.293712047972448
2.652419830165779  -1.30022529463058
2.645902582701118  -1.306608518759249
2.639353744978187  -1.312861082036042
2.632773971880757  -1.318982359204631
2.62616392138614  -1.3249717381373
2.619524254499384  -1.330828619896155
2.612855635187179  -1.336552418793021
2.606158730311454  -1.342142562448007
2.599434209562699  -1.347598491846749
2.592682745392987  -1.352919661396305
2.585905012948736  -1.358105538979723
2.57910169000319  -1.363155606009242
2.572273456888643  -1.36806935747816
2.565420996428408  -1.372846302011331
2.55854499386853  -1.377485961914301
2.551646136809265  -1.381987873221078
2.544725115136319  -1.386351585740534
2.53778262095186  -1.390576663101416
2.530819348505305  -1.394662682795988
2.5238359941239  -1.39860923622228
2.516833256143082  -1.40241592872495
2.50981183483665  -1.406082379634747
2.502772432346735  -1.409608222306581
2.495715752613585  -1.412993104156184
2.488642501305173  -1.416236686695372
2.481553385746631  -1.41933864556589
2.474449114849515  -1.422298670571851
2.467330399040913  -1.425116465710756
2.460197950192407  -1.427791749203089
2.453052481548882  -1.430324253520502
2.445894707657202  -1.432713725412563
2.438725344294756  -1.434959925932082
2.431545108397881  -1.437062630459009
2.424354717990166  -1.439021628722889
2.417154892110652  -1.440836724823897
2.409946350741927  -1.442507737252423
2.402729814738128  -1.444034498907224
2.395506005752854  -1.445416857112134
2.388275646167006  -1.446654673631332
2.381039459016541  -1.447747824683168
2.373798167920174  -1.448696200952535
2.366552497007016  -1.449499707601807
2.359303170844156  -1.450158264280319
2.352050914364213  -1.450671805132402
2.344796452792832  -1.451040278803973
2.337540511576173  -1.451263648447663
2.330283816308356  -1.451341891726508
2.323027092658908  -1.451275000816181
2.315771066300194  -1.451062982405772
2.30851646283485  -1.450705857697122
2.301264007723223  -1.450203662402703
2.294014426210823  -1.449556446742043
2.286768443255802  -1.44876427543671
2.279526783456456  -1.447827227703832
2.272290170978764  -1.446745397248184
2.265059329483974  -1.445518892252811
2.257834982056236  -1.444147835368214
2.250617851130292  -1.442632363700079
2.243408658419235  -1.440972628795574
2.236208124842336  -1.43916879662819
2.229016970452953  -1.437221047581143
2.221835914366525  -1.435129576429338
2.21466567468866  -1.43289459231989
2.207506968443326  -1.43051631875121
2.200360511501148  -1.427994993550654
2.193227018507819  -1.425330868850744
2.18610720281264  -1.422524211063949
2.179001776397179  -1.419575300856047
2.171911449804079  -1.416484433118059
2.164836932065999  -1.41325191693676
2.157778930634711  -1.409878075563767
2.150738151310361  -1.406363246383218
2.143715298170879  -1.40270778087803
2.13671107350158  -1.398912044594755
2.129726177724931  -1.39497641710702
2.12276130933051  -1.390901291977574
2.115817164805156  -1.386687076718931
2.108894438563321  -1.382334192752615
2.10199382287763  -1.377843075367025
2.095116007809651  -1.373214173673897
2.088261681140891  -1.368447950563403
2.081431528304016  -1.363544882657852
2.074626232314312  -1.358505460264035
2.067846473701376  -1.353330187324192
2.06109293044107  -1.348019581365616
2.05436627788772  -1.342574173448904
2.047667188706582  -1.336994508114847
2.040996332806572  -1.331281143329979
2.034354377273282  -1.325434650430777
2.027741986302264  -1.319455614066533
2.021159821132616  -1.313344632140881
2.014608539980856  -1.307102315752016
2.008088797975097  -1.300729289131575
2.00160124708954  -1.294226189582222
1.995146536079274  -1.28759366741391
1.988725310415401  -1.280832385878857
1.982338212220486  -1.273943021105215
1.975985880204349  -1.266926262029464
1.969668949600191  -1.259782810327509
1.963388052101074  -1.252513380344522
1.957143815796746  -1.2451186990235
1.950936865110839  -1.237599505832575
1.94476782073842  -1.229956552691068
1.938637299583928  -1.222190603894292
1.932545914699477  -1.214302436037126
1.926494275223557  -1.206292837936356
1.920482986320114  -1.198162610551793
1.914512649118039  -1.189912566906174
1.908583860651052  -1.181543532003865
1.902697213798  -1.173056342748356
1.896853297223569  -1.164451847858571
1.891052695319414  -1.155730907784001
1.885295988145729  -1.146894394618652
1.879583751373228  -1.137943192013842
1.87391655622559  -1.12887819508983
1.868294969422329  -1.119700310346309
1.862719553122127  -1.110410455571754
1.857190864866612  -1.101009559751641
1.85170945752461  -1.091498562975553
1.846275879236857  -1.081878416343168
1.840890673361179  -1.072150081869149
1.835554378418165  -1.062314532386942
1.83026752803731  -1.052372751451497
1.82503065090365  -1.042325733240907
1.819844270704901  -1.032174482456992
1.81470890607908  -1.021920014224832
1.809625070562652  -1.011563353991249
1.804593272539168  -1.001105537422267
1.799614015188429  -0.9905476102995435
1.794687796436172  -0.9798906284157896
1.789815108904271  -0.9691356574691939
1.78499643986148  -0.9582837729568514
1.780232271174703  -0.9473360600672132
1.775523079260808  -0.9362936135715683
1.770869335038987  -0.9251575377145662
1.766271503883662  -0.9139289461037927
1.761730045577949  -0.9026089615984089
1.757245414267678  -0.8911987161968651
1.752818058415981  -0.8796993509237017
1.748448420758441  -0.8681120157154459
1.744136938258826  -0.8564378693056186
1.739884042065385  -0.8446780791088607
1.735690157467738  -0.832833821104192
1.731555703854344  -0.8209062797174128
1.727481094670564  -0.8088966477026618
1.723466737377317  -0.7968061260231405
1.719513033410333  -0.784635923731017
1.715620378140007  -0.7723872578465204
1.711789160831867  -0.7600613532362391
1.708019764607644  -0.7476594424906342
1.704312566406961  -0.7351827658007802
1.700667936949637  -0.7226325708343463
1.697086240698618  -0.7100101126108289
1.693567835823528  -0.6973166533760504
1.690113074164857  -0.6845534624759343
1.686722301198769  -0.6717218162295706
1.683395856002561  -0.6588229978015839
1.680134071220753  -0.645858297073817
1.676937273031823  -0.6328290105163428
1.67380578111559  -0.6197364410578169
1.670739908621245  -0.6065818979551852
1.667739962136038  -0.5933666966627581
1.664806241654617  -0.5800921587006647
1.661939040549031  -0.5667596115227012
1.65913864553939  -0.5533703883835854
1.656405336665195  -0.5399258282056313
1.653739387257334  -0.5264272754448566
1.651141063910747  -0.5128760799565374
1.648610626457769  -0.4992735968602225
1.646148327942145  -0.4856211864042217
1.643754414593726  -0.4719202138295804
1.641429125803849  -0.4581720492335561
1.639172694101391  -0.4443780674326084
1.636985345129523  -0.4305396478249175
1.634867297623142  -0.4166581742524442
1.632818763386998  -0.4027350348625455
1.630839947274516  -0.3887716219691607
1.628931047167307  -0.3747693319135789
1.62709225395538  -0.3607295649248057
1.625323751518059  -0.3466537249795402
1.623625716705585  -0.3325432196617766
1.621998319321441  -0.3183994600220469
1.620441722105365  -0.3042238604363149
1.618956080717078  -0.2900178384645394
1.617541543720719  -0.2757828147089174
1.616198252569989  -0.2615202126718245
1.614926341594001  -0.2472314586134644
1.613725937983854  -0.2329179814092429
1.612597161779909  -0.2185812124068806
1.611540125859785  -0.2042225852832775
1.610554935927076  -0.1898435359011461
1.609641690500774  -0.1754455021654246
1.608800480905422  -0.1610299238794866
1.608031391261979  -0.1465982426011606
1.60733449847941  -0.1321519014985745
1.606709872246994  -0.1176923452058385
1.606157575027352  -0.103221019678582
1.605677662050208  -0.08873937204935758
1.605270181306859  -0.07424885048292824
1.604935173545379  -0.05975090403145061
1.604672672266544  -0.04524698248956984
1.604482703720483  -0.03073853624944012
1.60436528690405  -0.01622701615568545
1.604320433558926  -0.001713873360315208
1.604348148170447  0.01279944082239106
1.60444842796715  0.0273114750610151
1.604621262921057  0.04182077815213303
1.604866635748671  0.05632589916543575
1.605184521912711  0.07082538758882193
1.60557488962456  0.08531779347344921
1.606037699847446  0.09980166757872916
1.606572906300347  0.1142755615172512
1.607180455462618  0.1287380278996216
1.607860286579343  0.143187620479202
1.60861233166741  0.1576228942967345
1.60943651552231  0.1720424058248373
1.610332755725659  0.1864447131123576
1.611300962653434  0.2008283759285667
1.612341039484944  0.2151919559071829
1.613452882212506  0.2295340166902084
1.614636379651846  0.2438531240715648
1.615891413453221  0.2581478461405142
1.617217858113251  0.2724167534248494
1.61861558098747  0.2866584190338422
1.62008444230359  0.3008714188009316
1.621624295175479  0.3150543314261409
1.623234985617851  0.3292057386182076
1.624916352561661  0.3433242252364125
1.626668227870215  0.3574083794320937
1.628490436355982  0.3714567927898317
1.630382795798113  0.3854680604682908
1.632345116960665  0.399440781340703
1.63437720361152  0.4133735581349811
1.636478852542014  0.4272649975734458
1.638649853587254  0.4411137105121531
1.640889989647136  0.4549183120798092
1.643199036708052  0.4686774218162574
1.645576763865298  0.4823896638105239
1.648022933346158  0.4960536668384093
1.650537300533682  0.5096680644996109
1.653119613991154  0.5232314953543625
1.655769615487226  0.5367426030595788
1.65848704002175  0.550200036504489
1.661271615852271  0.5636024499457488
1.664123064521207  0.5769485031420141
1.667041100883691  0.5902368614879651
1.670025433136087  0.6034661961477672
1.673075762845169  0.6166351841879546
1.676191784977966  0.6297425087097233
1.679373187932266  0.6427868589806209
1.682619653567773  0.6557669305656205
1.685930857237922  0.6686814254575636
1.689306467822348  0.6815290522069609
1.692746147759992  0.6943085260511375
1.69624955308286  0.7070185690427089
1.699816333450419  0.719657910177376
1.703446132184633  0.7322252855210255
1.707138586305629  0.744719438336123
1.710893326567995  0.7571391192073867
1.714709977497703  0.7694830861667298
1.718588157429662  0.7817501048174562
1.722527478545878  0.7939389484577009
1.726527546914239  0.8060483982030997
1.730587962527909  0.8180772431086782
1.734708319345326  0.8300242802899459
1.738888205330809  0.8418883150431846
1.743127202495758  0.853668160964919
1.747424886940458  0.865362640070557
1.751780828896464  0.8769705829121878
1.75619459276958  0.8884908286955273
1.760665737183419  0.8999222253959973
1.76519381502354  0.9112636298739277
1.769778373482158  0.9225139079888708
1.774418954103428  0.9336719347130149
1.779115092829288  0.9447365942436877
1.783866320045865  0.9557067801149361
1.788672160630438  0.9665813953081731
1.793532133998947  0.9773593523618793
1.798445754154056  0.9880395734803493
1.80341252973375  0.9986209906414713
1.808431964060471  1.009102545703529
1.813503555190786  1.019483190511016
1.818626795965581  1.029761886999453
1.82380117406078  1.039937607299189
1.829026172038573  1.050009333838196
1.834301267399162  1.059976059443819
1.839625932633012  1.069836787443497
1.844999635273597  1.079590531764431
1.850421837950656  1.089236317032189
1.855891998443919  1.098773178668243
1.861409569737338  1.10820016298643
1.866974000073784  1.117516327288319
1.872584733010221  1.126720739957479
1.878241207473358  1.135812480552643
1.883942857815748  1.144790639899752
1.889689113872356  1.153654320182871
1.895479401017576  1.162402635033971
1.901313140222695  1.171034709621569
1.907189748113792  1.179549680738204
1.913108637030077  1.187946696886765
1.91906921508266  1.196224918365638
1.925070886213734  1.204383517352674
1.931113050256186  1.212421677987975
1.937195102993613  1.220338596455477
1.943316436220741  1.228133481063333
1.949476437804247  1.235805552323084
1.955674491743972  1.243354043027601
1.961909978234523  1.250778198327816
1.96818227372725  1.258077275808199
1.974490750992605  1.265250545561
1.98083477918286  1.272297290259246
1.987213723895197  1.279216805228465
1.993626947235145  1.286008398517162
2.000073807880369  1.292671390966006
2.006553661144805  1.299205116275755
2.013065859043127  1.305608921073875
2.019609750355544  1.311882164979889
2.026184680692926  1.318024220669404
2.032789992562238  1.324034473936852
2.039425025432295  1.329912323756907
2.046089115799807  1.335657182344586
2.05278159725574  1.34126847521403
2.059501800551948  1.346745641235954
2.0662490536681  1.352088132693753
2.073022681878886  1.357295415338283
2.079822007821483  1.36236696844128
2.086646351563298  1.367302284847432
2.093495030669958  1.372100871025099
2.10036736027355  1.376762247115664
2.107262653141114  1.381285946981517
2.114180219743365  1.385671518252673
2.121119368323641  1.389918522372003
2.128079404967084  1.394026534639096
2.135059633670032  1.397995144252725
2.142059356409612  1.401823954351928
2.149077873213551  1.405512582055696
2.156114482230169  1.409060658501259
2.163168479798564  1.412467828880971
2.170239160518979  1.415733752477796
2.177325817323342  1.418858102699373
2.184427741545973  1.421840567110679
2.191544222994449  1.424680847465275
2.198674550020625  1.427378659735124
2.2058180095918  1.429933734139
2.212973887362015  1.432345815169462
2.220141467743494  1.434614661618407
2.227320033978199  1.43674004660119
2.234508868209506  1.438721757579313
2.241707251553992  1.440559596381678
2.248914464173323  1.442253379224405
2.256129785346237  1.44380293672921
2.263352493540615  1.445208113940341
2.27058186648564  1.446468770340079
2.277817181244016  1.447584779862782
2.285057714284268  1.4485560309075
2.292302741553091  1.449382426349126
2.299551538547759  1.450063883548118
2.306803380388573  1.450600334358754
2.314057541891347  1.450991725135955
2.321313297639932  1.451238016740642
2.328569922058753  1.451339184543656
2.335826689485369  1.451295218428214
2.343082874243036  1.45110612279093
2.350337750713278  1.450771916541367
2.35759059340845  1.45029263310015
2.36484067704428  1.449668320395622
2.372087276612405  1.448899040859055
2.37932966745287  1.447984871418402
2.386567125326589  1.446925903490608
2.393798926487776  1.445722242972464
2.401024347756314  1.444374010230023
2.408242666590076  1.442881340086559
2.41545316115718  1.441244381809087
2.422655110408167  1.439463299093434
2.429847794148114  1.437538270047871
2.437030493108646  1.435469487175303
2.444202489019867  1.433257157354018
2.451363064682186  1.430901501816997
2.458511504038037  1.428402756129795
2.465647092243484  1.42576117016698
2.472769115739706  1.422977008087148
2.479876862324355  1.420050548306508
2.486969621222771  1.416982083471036
2.494046683159065  1.413771920427218
2.501107340427044  1.410420380191357
2.508150886960979  1.406927797917477
2.515176618406219  1.403294522863805
2.522183832189617  1.399520918357846
2.529171827589797  1.395607361760052
2.536139905807218  1.391554244426082
2.543087370034057  1.387361971667669
2.550013525523894  1.38303096271209
2.556917679661178  1.378561650660239
2.563799142030497  1.373954482443322
2.570657224485612  1.369209918778161
2.577491241218278  1.364328434121122
2.584300508826823  1.359310516620671
2.591084346384485  1.354156668068558
2.597842075507508  1.348867403849638
2.604573020422981  1.343443252890333
2.611276508036411  1.337884757605739
2.617951867999038  1.332192473845385
2.624598432774865  1.326366970837646
2.631215537707415  1.320408831132823
2.637802521086194  1.314318650544887
2.644358724212863  1.308097038091896
2.650883491467112  1.301744615935096
2.657376170372214  1.295262019316703
2.663836111660279  1.288649896496378
2.670262669337178  1.281908908686404
2.676655200747143  1.275039729985561
2.683013066637034  1.268043047311719
2.68933563122026  1.260919560333146
2.695622262240365  1.253669981398539
2.701872331034246  1.246295035465793
2.708085212595023  1.238795460029501
2.714260285634541  1.231172005047205
2.720396932645495  1.223425432864405
2.726494539963185  1.215556518138318
2.732552497826878  1.207566047760418
2.738570200440789  1.199454820777741
2.744547046034655  1.191223648312987
2.750482436923919  1.182873353483401
2.75637577956949  1.174404771318467
2.762226484637103  1.165818748676401
2.768033967056254  1.157116144159467
2.773797646078698  1.148297828028118
2.779516945336535  1.139364682113966
2.785191292899838  1.130317599731602
2.790820121333851  1.121157485589265
2.796402867755731  1.111885255698369
2.801938973890835  1.102501837281904
2.80742788612855  1.09300816868171
2.812869055577652  1.083405199264648
2.818261938121196  1.073693889327659
2.823605994470929  1.063875210001738
2.828900690221214  1.053950143154817
2.834145495902477  1.04391968129358
2.83933988703415  1.033784827464214
2.844483344177119  1.023546595152101
2.84957535298567  1.013206008180473
2.854615404258923  1.002764100608027
2.85960299399175  0.9922219166255203
2.864537623425178  0.981580510451351
2.869418799096264  0.9708409462261366
2.87424603288744  0.9600042979062996
2.879018842075327  0.949071649156672
2.883736749379006  0.9380440932421287
2.888399283007748  0.9269227329182611
2.893005976708189  0.9157086803211018
2.897556369810959  0.9044030568559103
2.902050007276748  0.8930069930850332
2.906486439741809  0.8815216286148476
2.910865223562896  0.8699481119818006
2.915185920861627  0.8582876005375553
2.919448099568272  0.8465412603332563
2.92365133346496  0.834710266002924
2.927795202228301  0.8227958006459913
2.931879291471419  0.8107990557089941
2.935903192785391  0.798721230866426
2.939866503780084  0.7865635339007712
2.943768828124399  0.7743271805817263
2.947609775585901  0.7620133945446234
2.951388962069845  0.7496234071680659
2.955106009657582  0.7371584574507916
2.958760546644353  0.7246197918877721
2.96235220757646  0.712008664345564
2.965880633287809  0.6993263359369213
2.969345470935829  0.6865740748946849
2.972746374036756  0.6737531564449591
2.976083002500279  0.6608648626795889
2.979355022663551  0.6479104824279506
2.982562107324558  0.6348913111280694
2.985703935774832  0.6218086506970755
2.988780193831528  0.6086638094010118
2.991790573868842  0.5954581017240081
2.994734774848768  0.5821928482368322
2.99761250235121  0.5688693754648324
3.000423468603417  0.5554890157552861
3.003167392508763  0.5420531071441642
3.005843999674858  0.5285629932223279
3.008453022440986  0.5150200230011694
3.01099419990487  0.5014255507777109
3.013467277948763  0.4877809359991745
3.015872009264862  0.4740875431270383
3.018208153380034  0.4603467415005894
3.020475476679867  0.4465599051999904
3.022673752432033  0.4327284129088714
3.024802760808956  0.4188536477764615
3.026862288909798  0.404936997279274
3.028852130781749  0.3909798530823585
3.030772087440621  0.3769836109001348
3.03262196689075  0.3629496703568211
3.034401584144189  0.3488794348464718
3.036110761239215  0.3347743113926377
3.037749327258116  0.3206357105076644
3.039317118344291  0.3064650460516403
3.040813977718632  0.2922637350910111
3.042239755695201  0.2780331977568727
3.043594309696201  0.2637748571029587
3.044877504266231  0.2494901389633344
3.046089211085834  0.2351804718098137
3.047229308984329  0.2208472866091121
3.048297683951925  0.2064920166797495
3.049294229151126  0.192116097548719
3.050218844927412  0.1777209668079336
3.051071438819205  0.1633080639704675
3.051851925567117  0.1488788303266043
3.052560227122472  0.1344347087997084
3.053196272655114  0.1199771438019326
3.053759998560491  0.1055075810897765
3.054251348466012  0.09102746761951147
3.054670273236686  0.07653825140248449
3.055016730980037  0.06204138136031727
3.055290687050289  0.04753830718001401
3.055492114051837  0.03303047916899274
3.055620991841979  0.01851934811005457
3.055677307532938  0.004006365116305405
3.055661055493142  -0.01050701851395539
3.055572237347798  -0.0250193514423648
3.055410861978719  -0.03952918243562997
3.055176945523442  -0.05403506051065157
3.054870511373612  -0.06853553507962211
3.054491590172645  -0.08302915609508468
3.054040219812661  -0.09751447419493775
3.053516445430696  -0.1119900408473713
3.052920319404187  -0.1264544084957201
3.052251901345739  -0.1409061307032194
3.051511258097155  -0.1553437622976483
3.050698463722762  -0.1697658595158475
3.049813599501997  -0.1841709801480951
3.048856753921281  -0.1985576836823279
3.047828022665173  -0.2129245314481925
3.046727508606799  -0.2272700867609122
3.045555321797564  -0.2415929150649558
3.04431157945615  -0.255891584077493
3.04299640595679  -0.2701646639316224
3.041609932816834  -0.2844107273193586
3.040152298683596  -0.2986283496343629
3.03862364932049  -0.3128161091144037
3.037024137592452  -0.3269725869835332
3.035353923450655  -0.3410963675939642
3.033613173916513  -0.3551860385676359
3.031802063064978  -0.3692401909374508
3.029920772007138  -0.3832574192881719
3.027969488872097  -0.3972363218969643
3.025948408788168  -0.4111755008735669
3.023857733863361  -0.4250735623000822
3.021697673165168  -0.4389291163703675
3.019468442699658  -0.4527407775290158
3.017170265389878  -0.4665071646099112
3.014803371053559  -0.4802269009743456
3.012367996380134  -0.4938986146486826
3.009864384907072  -0.5075209384615545
3.007292786995519  -0.5210925101805804
3.004653459805266  -0.5346119726485883
3.001946667269033  -0.5480779739193312
2.999172680066073  -0.5614891673926823
2.996331775595106  -0.5748442119492941
2.99342423794658  -0.588141772084711
2.990450357874259  -0.6013805180429193
2.987410432766151  -0.6145591259493233
2.984304766614766  -0.6276762779431324
2.98113366998672  -0.6407306623091472
2.977897459991675  -0.6537209736089311
2.974596460250631  -0.6666459128113542
2.971231000863561  -0.6795041874224962
2.967801418376406  -0.6922945116148959
2.964308055747412  -0.705015606356134
2.960751262312844  -0.7176661995367366
2.957131393752045  -0.7302450260973855
2.95344881205187  -0.7427508281554247
2.949703885470491  -0.7551823551306484
2.945896988500564  -0.7675383638703589
2.942028501831787  -0.7798176187736824
2.938098812312827  -0.7920188919151285
2.934108312912636  -0.8041409631673831
2.930057402681153  -0.816182620323321
2.925946486709402  -0.8281426592172265
2.921775976088981  -0.8400198838452103
2.91754628787095  -0.8518131064848097
2.913257845024132  -0.8635211478137605
2.908911076392812  -0.8751428370279299
2.904506416653853  -0.8866770119583965
2.900044306273228  -0.8981225191876674
2.895525191461977  -0.9094782141650195
2.890949524131579  -0.9207429613209551
2.886317761848767  -0.9319156341807586
2.881630367789771  -0.942995115477144
2.876887810693996  -0.9539802972619816
2.872090564817151  -0.9648700810170932
2.867239109883825  -0.9756633777641029
2.86233393103951  -0.9863591081733363
2.857375518802091  -0.9969562026717522
2.852364369012792  -1.007453601549901
2.847300982786592  -1.017850255067895
2.842185866462113  -1.028145123560382
2.837019531550988  -1.038337177540513
2.831802494686708  -1.04842539780289
2.82653527757296  -1.058408775525486
2.821218406931453  -1.06828631237053
2.815852414449254  -1.078057020584337
2.81043783672561  -1.087719923096086
2.804975215218293  -1.097274053615525
2.799465096189455  -1.106718456729602
2.793908030650997  -1.116052187998007
2.788304574309475  -1.125274314047611
2.782655287510521  -1.134383912665811
2.776960735182817  -1.143380072892745
2.771221486781594  -1.152261895112389
2.765438116231693  -1.161028491142522
2.759611201870169  -1.16967898432354
2.753741326388457  -1.178212509606127
2.747829076774107  -1.186628213637752
2.74187504425208  -1.194925254848014
2.735879824225627  -1.203102803532791
2.729844016216752  -1.211160041937215
2.723768223806255  -1.219096164337445
2.717653054573378  -1.226910377121241
2.711499120035043  -1.234601898867326
2.705307035584705  -1.242169960423523
2.699077420430808  -1.249613804983678
2.692810897534868  -1.256932688163335
2.686508093549175  -1.264125878074175
2.680169638754126  -1.271192655397208
2.673796166995202  -1.278132313454701
2.667388315619579  -1.284944158280849
2.660946725412394  -1.291627508691169
2.654472040532668  -1.298181696350619
2.647964908448888  -1.304606065840435
2.641425979874263  -1.310899974723666
2.634855908701651  -1.317062793609425
2.628255351938169  -1.323093906215823
2.621624969639493  -1.3289927094316
2.614965424843853  -1.334758613376434
2.608277383505728  -1.340391041459929
2.601561514429253  -1.345889430439279
2.594818489201336  -1.351253230475585
2.588048982124497  -1.356481905188843
2.581253670149447  -1.361574931711583
2.574433232807381  -1.366531800741151
2.567588352142035  -1.371352016590645
2.560719712641475  -1.37603509723848
2.55382800116965  -1.380580574376592
2.546913906897709  -1.384987993457265
2.539978121235078  -1.389256913738593
2.533021337760323  -1.393386908328547
2.526044252151792  -1.397377564227668
2.519047562118046  -1.401228482370366
2.512031967328088  -1.404939277664828
2.504998169341398  -1.408509579031522
2.497946871537773  -1.411939029440314
2.490878779046995  -1.415227285946162
2.483794598678312  -1.418374019723415
2.476695038849761  -1.421378916098696
2.469580809517325  -1.424241674582367
2.462452622103938  -1.426962008898579
2.455311189428339  -1.429539647013902
2.448157225633798  -1.431974331164523
2.440991446116694  -1.434265817882028
2.433814567454978  -1.436413878017745
2.426627307336517  -1.43841829676566
2.419430384487321  -1.440278873683899
2.412224518599678  -1.441995422714768
2.405010430260174  -1.443567772203367
2.397788840877644  -1.444995764914745
2.390560472611026  -1.446279258049632
2.383326048297147  -1.447418123258713
2.376086291378439  -1.448412246655469
2.368841925830593  -1.449261528827559
2.361593676090163  -1.449965884846767
2.354342266982125  -1.45052524427749
2.347088423647389  -1.450939551183785
2.339832871470287  -1.451208764134962
2.332576336006039  -1.451332856209725
2.32531954290819  -1.451311814998868
2.31806321785605  -1.45114564260651
2.310808086482125  -1.450834355649892
2.303554874299551  -1.450377985257709
2.296304306629548  -1.449776577066999
2.289057108528881  -1.449030191218584
2.281814004717362  -1.448138902351046
2.274575719505371  -1.447102799593273
2.267342976721429  -1.445921986555541
2.260116499639815  -1.444596581319154
2.252897010908237  -1.443126716424634
2.245685232475569  -1.441512538858472
2.238481885519653  -1.439754210038424
2.231287690375185  -1.437851905797373
2.224103366461679  -1.435805816365741
2.216929632211528  -1.433616146352473
2.209767204998155  -1.43128311472457
2.202616801064282  -1.428806954785195
2.195479135450303  -1.42618791415034
2.188354921922778  -1.423426254724071
2.181244872903062  -1.42052225267233
2.174149699396055  -1.417476198395321
2.167070110919109  -1.414288396498473
2.16000681543107  -1.410959165761974
2.152960519261489  -1.4074888391089
2.145931927039981  -1.403877763571915
2.13892174162577  -1.400126300258572
2.131930664037395  -1.396234824315204
2.124959393382618  -1.392203724889404
2.118008626788502  -1.388033405091115
2.111079059331707  -1.383724281952317
2.104171383968979  -1.379276786385324
2.097286291467854  -1.374691363139692
2.090424470337582  -1.369968470757747
2.083586606760276  -1.365108581528725
2.076773384522295  -1.360112181441551
2.069985484945861  -1.354979770136232
2.063223586820932  -1.3497118608539
2.056488366337322  -1.344308980385483
2.049780497017077  -1.338771669019027
2.043100649647132  -1.333100480485669
2.036449492212221  -1.327295981904263
2.029827689828089  -1.321358753724666
2.023235904674974  -1.315289389669696
2.016674795931392  -1.30908849667576
2.010145019708216  -1.302756694832156
2.00364722898307  -1.296294617319069
1.997182073535026  -1.28970291034425
1.990750199879628  -1.282982233078396
1.984352251204242  -1.276133257589235
1.977988867303735  -1.269156668774315
1.971660684516498  -1.262053164292517
1.96536833566081  -1.25482345449429
1.959112449971556  -1.247468262350613
1.952893653037304  -1.239988323380702
1.946712566737749  -1.232384385578453
1.94056980918152  -1.224657209337645
1.934465994644372  -1.216807567375904
1.928401733507761  -1.208836244657425
1.922377632197798  -1.200744038314481
1.916394293124616  -1.192531757567705
1.910452314622121  -1.184200223645172
1.904552290888164  -1.175750269700275
1.898694811925118  -1.167182740728408
1.89288046348088  -1.158498493482468
1.887109826990294  -1.149698396387179
1.881383479517008  -1.140783329452252
1.875701993695771  -1.13175418418438
1.870065937675164  -1.122611863498089
1.86447587506079  -1.113357281625449
1.85893236485891  -1.103991364024646
1.853435961420544  -1.094515047287441
1.847987214386035  -1.084929279045506
1.842586668630089  -1.075235017875668
1.837234864207279  -1.065433233204041
1.831932336298048  -1.055524905209094
1.826679615155188  -1.045511024723627
1.821477226050812  -1.035392593135687
1.816325689223831  -1.025170622288433
1.811225519827928  -1.01484613437895
1.806177227880041  -1.00442016185603
1.801181318209367  -0.993893747316924
1.796238290406872  -0.9832679434030864
1.791348638775336  -0.9725438126949085
1.786512852279923  -0.9617224276054611
1.781731414499282  -0.9508048702732531
1.777004803577191  -0.9397922324540178
1.772333492174742  -0.928685615411537
1.767717947423075  -0.9174861298075152
1.763158630876666  -0.9061948955905126
1.75865599846717  -0.8948130418839509
1.754210500457827  -0.883341706873201
1.749822581398438  -0.8717820376917637
1.745492680080909  -0.8601351903065572
1.741221229495373  -0.84840232940232
1.737008656786886  -0.8365846282651426
1.732855383212721  -0.8246832686651386
1.728761824100235  -0.8126994407382682
1.724728388805339  -0.8006343428673239
1.720755480671562  -0.788489181562093
1.716843496989718  -0.7762651713387059
1.712992828958175  -0.7639635345981848
1.709203861643736  -0.7515855015042039
1.705476973943133  -0.7391323098600726
1.701812538545135  -0.7266052049849553
1.698210921893283  -0.7140054395893395
1.694672484149242  -0.7013342736497648
1.691197579156785  -0.6885929742828251
1.687786554406413  -0.6757828156184571
1.684439751000601  -0.6629050786725272
1.681157503619688  -0.6499610512187302
1.677940140488414  -0.6369520276598112
1.67478798334309  -0.6238793088981262
1.671701347399432  -0.6107442022055514
1.668680541321034  -0.5975480210927561
1.665725867188504  -0.5842920851778515
1.662837620469256  -0.5709777200544291
1.66001608998796  -0.5576062571590014
1.657261557897666  -0.5441790336378576
1.654574299651582  -0.53069739221335
1.651954583975533  -0.5171626810496212
1.649402672841086  -0.5035762536177874
1.646918821439355  -0.4899394685605917
1.64450327815548  -0.4762536895565401
1.642156284543789  -0.4625202851835328
1.639878075303645  -0.4487406287820071
1.637668878255969  -0.4349160983176032
1.635528914320469  -0.4210480762433675
1.633458397493536  -0.4071379493615076
1.631457534826853  -0.3931871086847115
1.629526526406688  -0.3791969492970469
1.627665565333883  -0.3651688702144527
1.625874837704544  -0.3511042742448369
1.624154522591435  -0.3370045678477967
1.622504792026066  -0.3228711609939717
1.620925810981495  -0.3087054670240473
1.619417737355825  -0.2945089025074205
1.61798072195642  -0.2802828871005429
1.61661490848482  -0.2660288434049553
1.615320433522371  -0.2517481968250272
1.61409742651657  -0.2374423754254166
1.612946009768117  -0.2231128097882635
1.611866298418687  -0.2087609328701315
1.610858400439415  -0.1943881798587125
1.6099224166201  -0.1799959880293077
1.609058440559122  -0.1655857966010999
1.608266558654089  -0.151159046593232
1.60754685009319  -0.1367171806807048
1.606899386847282  -0.1222616430501095
1.606324233662689  -0.1077938792552092
1.60582144805473  -0.0933153360723834
1.605391080301965  -0.07882746135595035
1.60503317344117  -0.06433170389338171
1.604747763263032  -0.04982951326042372
1.604534878308566  -0.03532233967613969
1.60439453986627  -0.02081163385788806
1.604326761969987  -0.006298846876250626
1.604331551397508  0.008214569990074427
1.604408907669888  0.02272716539940047
1.604558823051502  0.03723748809218658
1.60478128255081  0.05174408703616346
1.605076263921863  0.06624551157143672
1.605443737666524  0.08074031155555285
1.605883667037419  0.09522703750851341
1.60639600804161  0.1097042407577231
1.606980709444996  0.1241704735828571
1.607637712777438  0.1386242893606327
1.608366952338603  0.1530642427094723
1.609168355204533  0.1674888896340409
1.610041841234943  0.1818967876696462
1.610987323081229  0.1962864960264845
1.612004706195208  0.2106565757337201
1.613093888838567  0.2250055897833824
1.614254762093042  0.2393321032740663
1.615487209871307  0.2536346835544228
1.616791108928586  0.2679119003664239
1.618166328874971  0.2821623259883883
1.61961273218847  0.2963845353777539
1.621130174228749  0.3105771063135817
1.622718503251605  0.3247386195387782
1.624377560424137  0.3388676589020208
1.626107179840625  0.3529628114993732
1.62790718853913  0.3670226678155756
1.629777406518781  0.3810458218649965
1.63171764675778  0.3950308713322309
1.633727715232103  0.4089764177123321
1.635807410934903  0.422881066450662
1.63795652589661  0.4367434270823468
1.640174845205727  0.4505621133713234
1.642462147030323  0.4643357434489629
1.644818202640216  0.4780629399522575
1.647242776429846  0.4917423301615569
1.649735625941832  0.5053725461378401
1.652296501891224  0.5189522248595095
1.654925148190427  0.532480008358693
1.657621301974811  0.5459545438570407
1.660384693628997  0.5593744839010026
1.663215046813821  0.5727384864965746
1.666112078493963  0.5860452152434967
1.669075498966256  0.5992933394688945
1.672105011888652  0.6124815343603455
1.675200314309859  0.6256084810983604
1.678361096699636  0.6386728669882655
1.681587042979742  0.6516733855914718
1.68487783055555  0.6646087368561189
1.688233130348303  0.6774776272470803
1.691652606828021  0.690278769875317
1.695135918047056  0.7030108846265662
1.698682715674287  0.7156726982893529
1.70229264502995  0.7282629446823106
1.70596534512111  0.7407803647808
1.709700448677758  0.7532237068428114
1.713497582189538  0.7655917265341384
1.717356365943099  0.777883187052812
1.721276414060066  0.7900968592527803
1.725257334535627  0.8022315217668233
1.729298729277735  0.8142859611286898
1.733400194146914  0.8262589718944433
1.737561318996679  0.8381493567630074
1.741781687714544  0.8499559266958951
1.746060878263638  0.8616775010361134
1.750398462724905  0.873312907626228
1.7547940073399  0.88486098292558
1.759247072554161  0.8963205721266394
1.763757213061167  0.9076905292704861
1.768323977846866  0.9189697173614058
1.772946910234781  0.9301570084805894
1.777625547931672  0.9412512838989249
1.78235942307377  0.9522514341888705
1.78714806227356  0.9631563593353972
1.791990986667124  0.9739649688459904
1.79688771196202  0.984676181859699
1.801837748485721  0.9952889272552216
1.806840601234573  1.005802143758019
1.811895769923301  1.01621478004644
1.817002749035037  1.026525794856857
1.822161027871869  1.036734157087788
1.827370090605915  1.04683884590301
1.832629416330899  1.056838850833642
1.837938479114251  1.06673317187919
1.843296748049691  1.076520819607551
1.848703687310327  1.086200815253951
1.854158756202231  1.095772190818825
1.859661409218515  1.105233989164617
1.865211096093877  1.114585264111494
1.87080726185963  1.123825080531959
1.876449346899197  1.13295251444437
1.882136787004074  1.141966653105338
1.88786901343025  1.150866595100994
1.893645452955084  1.159651450437141
1.899465527934622  1.168320340628244
1.905328656361366  1.176872398785284
1.911234251922474  1.185306769702446
1.91718172405839  1.193622609942637
1.923170478021901  1.201819087921835
1.929199914937609  1.20989538399224
1.935269431861823  1.217850690524245
1.941378421842851  1.225684211987198
1.947526273981695  1.233395165028953
1.953712373493141  1.240982778554204
1.959936101767237  1.2484462938016
1.966196836431157  1.255784964419616
1.972493951411433  1.26299805654119
1.978826816996569  1.270084848857111
1.985194799900005  1.277044632688145
1.99159726332345  1.28387671205591
1.998033567020564  1.29058040375247
2.004503067360975  1.297155037408655
2.01100511739465  1.303599955561099
2.017539066916586  1.309914513717987
2.02410426253183  1.316098080423503
2.030700047720821  1.322150037320976
2.03732576290504  1.328069779214717
2.043980745512968  1.333856714130537
2.050664330046345  1.339510263374944
2.057375848146718  1.345029861593014
2.064114628662276  1.350414956824924
2.070879997714967  1.355665010561151
2.077671278767887  1.360779497796322
2.08448779269293  1.365757907081714
2.091328857838704  1.370599740576398
2.098193790098694  1.375304514097024
2.105081902979674  1.37987175716624
2.111992507670356  1.38430101305974
2.118924913110272  1.388591838851934
2.125878426058876  1.392743805460242
2.132852351164874  1.396756497688004
2.139845991035756  1.400629514265998
2.146858646307534  1.404362467892565
2.153889615714681  1.407954985272343
2.160938196160257  1.411406707153593
2.168003682786217  1.414717288364129
2.175085369043898  1.417886397845827
2.182182546764675  1.420913718687742
2.189294506230776  1.423798948157787
2.196420536246253  1.426541797733017
2.203559924208106  1.429141993128473
2.210711956177538  1.431599274324617
2.217875916951352  1.433913395593328
2.225051090133471  1.43608412552248
2.232236758206577  1.43811124703908
2.239432202603862  1.439994557430975
2.246636703780887  1.441733868367128
2.253849541287533  1.443329005916444
2.261069993840051  1.444779810565168
2.268297339393185  1.446086137232836
2.27553085521238  1.44724785528678
2.282769817946053  1.448264848555195
2.290013503697932  1.449137015338755
2.297261188099441  1.449864268420782
2.30451214638214  1.450446535075966
2.3117656534502  1.450883757077642
2.319020983952916  1.451175890703611
2.326277412357237  1.45132290674051
2.333534213020321  1.451324790486734
2.340790660262104  1.45118154175391
2.34804602843786  1.45089317486691
2.355299592010773  1.450459718662424
2.362550625624484  1.449881216486071
2.369798404175634  1.44915772618807
2.377042202886365  1.44828932011745
2.384281297376808  1.447276085114818
2.391514963737513  1.446118122503675
2.398742478601845  1.444815548080281
2.405963119218316  1.44336849210208
2.413176163522865  1.441777099274668
2.420380890211063  1.440041528737328
2.427576578810239  1.438161954047115
2.434762509751534  1.436138563161498
2.441937964441854  1.433971558419564
2.44910222533573  1.431661156521788
2.456254576007072  1.42920758850836
2.463394301220813  1.426611099736081
2.470520687004433  1.423871949853829
2.477633020719352  1.420990412776591
2.484730591132199  1.417966776658075
2.491812688485932  1.414801343861894
2.498878604570817  1.411494430931326
2.505927632795245  1.408046368557665
2.512959068256394  1.404457501547149
2.519972207810717  1.400728188786478
2.526966350144259  1.396858803206928
2.533940795842786  1.392849731747058
2.540894847461729  1.388701375314013
2.547827809595927  1.384414148743436
2.554738988949164  1.379988480757986
2.561627694403506  1.375424813924459
2.568493237088409  1.37072360460954
2.575334930449602  1.36588532293416
2.58215209031775  1.360910452726486
2.588944034976867  1.35579949147354
2.595710085232486  1.350552950271447
2.602449564479581  1.345171353774326
2.609161798770229  1.339655240141828
2.615846116880999  1.334005160985316
2.622501850380082  1.328221681312705
2.629128333694127  1.322305379471963
2.635724904174802  1.316256847093274
2.64229090216506  1.310076689029875
2.648825671065101  1.303765523297573
2.655328557398036  1.297323981012942
2.66179891087523  1.290752706330209
2.668236084461338  1.284052356376844
2.674639434438999  1.27722360118784
2.681008320473216  1.270267123638718
2.687342105675386  1.263183619377232
2.693640156666989  1.255973796753808
2.699901843642924  1.248638376750709
2.706126540434496  1.241178092909935
2.712313624572023  1.23359369125987
2.718462477347094  1.225885930240679
2.72457248387443  1.218055580628464
2.730643033153379  1.210103425458186
2.736673518129012  1.202030259945362
2.742663335752832  1.193836891406544
2.748611887043078  1.185524139178584
2.754518577144618  1.177092834536707
2.760382815388445  1.168543820611377
2.766204015350732  1.159877952303985
2.771981594911484  1.151096096201362
2.777714976312746  1.14219913048912
2.783403586216376  1.133187944863829
2.789046855761384  1.124063440444051
2.794644220620816  1.114826529680229
2.800195121058186  1.105478136263439
2.80569900198345  1.096019195033022
2.811155313008516  1.086450651883103
2.816563508502282  1.076773463667994
2.821923047645196  1.066988598106519
2.827233394483347  1.057097033685234
2.832494017982048  1.04709975956058
2.837704392078952  1.03699777545997
2.842863995736648  1.026792091581814
2.84797231299477  1.0164837284945
2.853028833021593  1.006073717034336
2.858033050165113  0.9955630982024688
2.862984464003617  0.9849529230607815
2.867882579395721  0.9742442526267882
2.872726906529885  0.9634381577675321
2.877516960973396  0.9525357190924992
2.88225226372081  0.9415380268455572
2.886932341241852  0.9304461807959306
2.89155672552877  0.9192612901282243
2.896124954143134  0.9079844733315053
2.900636570262085  0.8966168580874532
2.905091122724009  0.8851595811575922
2.909488166073661  0.8736137882696154
2.913827260606705  0.8619806340028118
2.918107972413689  0.8502612816726078
2.922329873423431  0.8384569032142366
2.926492541445831  0.826568679065544
2.930595560214087  0.8145977980489448
2.934638519426321  0.8025454572525407
2.938621014786612  0.7904128619104113
2.942542648045425  0.7782012252820909
2.946403027039433  0.7659117685312423
2.950201765730737  0.7535457206035406
2.953938484245469  0.7411043181037786
2.957612808911775  0.7285888051722063
2.96122437229719  0.7160004333601167
2.964772813245376  0.703340461504691
2.968257776912238  0.6906101556031149
2.971678914801407  0.6778107886859785
2.975035884799097  0.6649436406899736
2.978328351208307  0.6520099983298996
2.981555984782396  0.6390111549699926
2.984718462758007  0.6259484104945886
2.987815468887342  0.6128230711781351
2.990846693469789  0.5996364495545637
2.993811833382888  0.586389864286037
2.996710592112649  0.5730846400310816
2.999542679783199  0.5597221073121231
3.00230781318577  0.5463036023824335
3.005005715807023  0.5328304670925056
3.007636117856695  0.5193040487558684
3.010198756294581  0.5057257000143557
3.012693374856838  0.4920967787028415
3.01511972408161  0.478418647713457
3.017477561333973  0.4646926748593012
3.019766650830203  0.4509202327376595
3.02198676366135  0.4371026985927439
3.02413767781613  0.4232414541779691
3.026219178203129  0.4093378856177765
3.028231056672308  0.3953933832690221
3.03017311203582  0.3814093415819408
3.032045150088128  0.3673871589607014
3.033846983625427  0.3533282376235659
3.035578432464364  0.3392339834626679
3.037239323460054  0.3251058059034238
3.038829490523398  0.3109451177635892
3.04034877463769  0.2967533351119783
3.041797023874518  0.2825318771268562
3.043174093408958  0.2682821659540215
3.044479845534058  0.2540056265645913
3.045714149674605  0.2397036866125047
3.046876882400183  0.2253777762917568
3.047967927437522  0.2110293281933798
3.048987175682117  0.1966597771621834
3.049934525209144  0.1822705601532708
3.05080988128365  0.1678631160883428
3.051613156370028  0.1534388857118061
3.052344270140768  0.1389993114466981
3.053003149484494  0.1245458372504455
3.053589728513272  0.1100799084704678
3.054103948569199  0.09560297169964313
3.054545758230269  0.08111647463164845
3.054915113315515  0.06662186591619061
3.055211976889431  0.05212059501414115
3.055436319265657  0.03761411205259028
3.055588118009957  0.02310386767983415
3.055667357942455  0.008591312920310032
3.05567403113916  -0.00592210097050612
3.05560813693275  -0.02043492265122522
3.055469681912648  -0.0349457008396792
3.055258679924354  -0.04945298445804922
3.054975152068067  -0.06395532277797343
3.054619126696574  -0.07845126556561985
3.054190639412411  -0.09293936322670969
3.053689733064306  -0.1074181669514769
3.053116457742896  -0.1218862288595489
3.052470870775711  -0.1363421021447349
3.051753036721448  -0.1507843412197065
3.050963027363514  -0.1652115018605561
3.050100921702843  -0.1796221413512197
3.049166805950001  -0.1940148186277481
3.048160773516565  -0.2083880944224138
3.047082925005777  -0.2227405314076372
3.045933368202489  -0.2370706943397199
3.04471221806238  -0.2513771502023686
3.043419596700465  -0.265658468349997
3.04205563337888  -0.2799132206507904
3.040620464493957  -0.2941399816295188
3.039114233562584  -0.3083373286100842
3.037537091207856  -0.3225038418577886
3.035889195144006  -0.3366381047213072
3.034170710160643  -0.3507387037743537
3.032381808106263  -0.3648042289570227
3.030522667871072  -0.3788332737167961
3.028593475369095  -0.3928244351491978
3.02659442351958  -0.4067763141380846
3.024525712227714  -0.4206875154955575
3.022387548364625  -0.4345566481014809
3.020180145746699  -0.4483823250425941
3.017903725114199  -0.4621631637512031
3.015558514109187  -0.4758977861434369
3.013144747252765  -0.4895848187570564
3.010662665921616  -0.5032228928888002
3.008112518323876  -0.5168106447312552
3.005494559474304  -0.530346715509237
3.002809051168784  -0.5438297516156678
3.000056261958147  -0.5572584047469372
2.997236467121315  -0.5706313320377319
2.99434994863777  -0.5839471961953226
2.991396995159362  -0.5972046656332939
2.988377901981437  -0.6104024146047018
2.985292971013314  -0.6235391233346492
2.982142510748091  -0.6366134781522632
2.978926836231792  -0.649624171622062
2.97564626903187  -0.6625699026746986
2.972301137205045  -0.6754493767370678
2.968891775264499  -0.6882613058617633
2.965418524146427  -0.7010044088558725
2.961881731175941  -0.7136774114090961
2.958281750032336  -0.7262790462211789
2.954618940713729  -0.7388080531286395
2.95089366950105  -0.7512631792307873
2.947106308921421  -0.7636431790150121
2.9432572377109  -0.7759468144813353
2.939346840776607  -0.7881728552662103
2.935375509158237  -0.8003200787655587
2.931343639988952  -0.8123872702570305
2.927251636455667  -0.8243732230214766
2.923099907758737  -0.8362767384636206
2.918888869071031  -0.8480966262319183
2.914618941496418  -0.8598317043375928
2.910290552027655  -0.8714807992728335
2.905904133503689  -0.8830427461281469
2.901460124566373  -0.8945163887088475
2.896958969616601  -0.9059005796506773
2.892401118769867  -0.9171941805345419
2.887787027811256  -0.9283960620003531
2.883117158149863  -0.9395051038599642
2.878391976772656  -0.9505201952091894
2.873611956197772  -0.9614402345388937
2.868777574427267  -0.9722641298451441
2.86388931489932  -0.9829907987384099
2.858947666439883  -0.9936191685518019
2.853953123213802  -1.004148176448339
2.8489061846754  -1.014576769527231
2.84380735551853  -1.02490390492917
2.838657145626108  -1.035128549940617
2.833456070019124  -1.045249682097069
2.828204648805138  -1.055266289285312
2.822903407126271  -1.065177369844626
2.817552875106692  -1.074981932666955
2.812153587799601  -1.084678997296018
2.806706085133731  -1.094267594025351
2.801210911859348  -1.103746763995282
2.795668617493778  -1.113115559288813
2.79007975626646  -1.122373043026416
2.784444887063514  -1.131518289459715
2.778764573371863  -1.140550384064069
2.773039383222874  -1.149468423630017
2.767269889135562  -1.158271516353601
2.761456668059338  -1.16695878192555
2.755600301316307  -1.175529351619306
2.749701374543144  -1.183982368377901
2.743760477632528  -1.192316986899658
2.737778204674148  -1.200532373722724
2.731755153895301  -1.208627707308419
2.725691927601064  -1.216602178123383
2.719589132114067  -1.224454988720534
2.713447377713858  -1.232185353818813
2.707267278575879  -1.239792500381711
2.701049452710041  -1.24727566769457
2.694794521898933  -1.25463410744066
2.688503111635635  -1.261867083776005
2.682175851061173  -1.268973873402973
2.675813372901605  -1.275953765642601
2.669416313404747  -1.282806062505665
2.662985312276549  -1.289530078762478
2.656521012617122  -1.296125142011414
2.650024060856434  -1.30259059274615
2.643495106689661  -1.308925784421611
2.636934803012218  -1.315130083518629
2.630343805854475  -1.321202869607296
2.623722774316145  -1.327143535409002
2.617072370500384  -1.332951486857168
2.610393259447573  -1.338626143156647
2.603686109068818  -1.344166936841811
2.596951590079155  -1.349573313833291
2.590190375930485  -1.354844733493387
2.583403142744221  -1.359980668680134
2.576590569243684  -1.364980605800013
2.569753336686222  -1.369844044859312
2.562892128795091  -1.374570499514125
2.55600763169108  -1.379159497118987
2.549100533823901  -1.383610578774137
2.542171525903339  -1.387923299371409
2.535221300830186  -1.392097227638744
2.528250553626951  -1.396131946183315
2.521259981368353  -1.400027051533268
2.514250283111619  -1.403782154178068
2.507222159826573  -1.40739687860745
2.500176314325544  -1.410870863348971
2.493113451193083  -1.414203761004157
2.486034276715503  -1.417395238283243
2.478939498810251  -1.420444976038501
2.471829826955118  -1.423352669296155
2.464705972117289  -1.426118027286879
2.457568646682249  -1.428740773474874
2.45041856438254  -1.431220645585522
2.443256440226393  -1.433557395631611
2.436082990426224  -1.435750789938137
2.428898932327012  -1.43780060916567
2.421704984334567  -1.439706648332286
2.414501865843689  -1.441468716834069
2.407290297166227  -1.443086638464168
2.400070999459048  -1.444560251430421
2.392844694651923  -1.44588940837153
2.385612105375333  -1.447073976371803
2.378373954888205  -1.448113836974438
2.371130967005588  -1.449008886193376
2.363883866026271  -1.449759034523695
2.356633376660351  -1.450364206950561
2.349380223956765  -1.450824342956732
2.342125133230784  -1.451139396528608
2.334868829991479  -1.45130933616083
2.327612039869175  -1.451334144859437
2.320355488542885  -1.451213820143558
2.31309990166774  -1.450948374045664
2.305846004802428  -1.450537833110366
2.298594523336636  -1.449982238391756
2.291346182418511  -1.449281645449308
2.284101706882143  -1.448436124342315
2.276861821175088  -1.447445759622887
2.269627249285914  -1.446310650327497
2.262398714671813  -1.445030909967074
2.255176940186244  -1.443606666515655
2.247962648006656  -1.442038062397583
2.240756559562268  -1.440325254473273
2.233559395461923  -1.438468414023515
2.226371875422033  -1.436467726732354
2.2191947181946  -1.434323392668521
2.212028641495347  -1.43203562626542
2.204874361931945  -1.429604656299693
2.19773259493235  -1.427030725868336
2.190604054673261  -1.424314092364392
2.183489454008706  -1.421455027451212
2.176389504398749  -1.418453817035287
2.169304915838353  -1.415310761237657
2.162236396786373  -1.412026174363905
2.155184654094714  -1.408600384872716
2.148150392937645  -1.405033735343039
2.141134316741283  -1.401326582439828
2.134137127113247  -1.397479296878374
2.127159523772499  -1.393492263387231
2.120202204479375  -1.38936588066975
2.113265864965802  -1.385100561364202
2.106351198865732  -1.380696732002517
2.099458897645777  -1.376154832967633
2.092589650536056  -1.371475318449451
2.085744144461283  -1.366658656399424
2.078923063972062  -1.361705328483758
2.072127091176445  -1.356615830035243
2.06535690567171  -1.351390670003725
2.058613184476408  -1.346030370905206
2.051896601962658  -1.340535468769597
2.045207829788712  -1.33490651308711
2.038547536831786  -1.329144066753315
2.031916389121178  -1.323248706012845
2.025315049771658  -1.317221020401773
2.018744178917161  -1.311061612688661
2.012204433644771  -1.30477109881428
2.005696467929018  -1.298350107830018
1.999220932566471  -1.291799281834973
1.992778475110668  -1.285119275911745
1.986369739807354  -1.278310758060925
1.979995367530059  -1.271374409134299
1.97365599571601  -1.26431092276676
1.967352258302391  -1.257121005306944
1.961084785662941  -1.249805375746597
1.954854204544925  -1.242364765648676
1.948661138006454  -1.234799919074189
1.942506205354183  -1.227111592507796
1.936390022081376  -1.219300554782151
1.930313199806362  -1.211367587001029
1.924276346211366  -1.203313482461206
1.91828006498175  -1.195139046573137
1.912324955745635  -1.186845096780411
1.906411614013945  -1.178432462478007
1.900540631120855  -1.169901984929355
1.894712594164652  -1.16125451718221
1.888928085949032  -1.152490923983347
1.883187684924818  -1.143612081692085
1.877491965132112  -1.134618878192655
1.871841496142892  -1.125512212805405
1.866236843004058  -1.116292996196874
1.860678566180923  -1.106962150288724
1.855167221501171  -1.097520608165545
1.849703360099268  -1.087969313981549
1.844287528361355  -1.078309222866156
1.838920267870606  -1.068541300828475
1.83360211535307  -1.058666524660712
1.828333602623999  -1.048685881840483
1.823115256534666  -1.038600370432069
1.817947598919678  -1.028410998986613
1.812831146544799  -1.018118786441258
1.807766411055266  -1.007724762017258
1.802753898924627  -0.9972299651170569
1.797794111404095  -0.9866354452203441
1.792887544472423  -0.9759422617791093
1.788034688786304  -0.9651514841116965
1.783236029631307  -0.9542641912958726
1.778492046873346  -0.9432814720609192
1.773803214910697  -0.9322044246787596
1.769170002626558  -0.9210341568541321
1.764592873342156  -0.9097717856138192
1.76007228477042  -0.898418437194945
1.755608688970207  -0.8869752469323512
1.751202532301096  -0.8754433591450642
1.746854255378756  -0.8638239270218628
1.742564293030878  -0.8521181125059593
1.738333074253696  -0.840327086178805
1.73416102216909  -0.8284520271430329
1.730048553982266  -0.8164941229045465
1.725996080940044  -0.8044545692537696
1.722004008289729  -0.7923345701460672
1.718072735238584  -0.7801353375813503
1.714202654913915  -0.7678580914828753
1.710394154323755  -0.755504059575252
1.706647614318163  -0.7430744772616712
1.702963409551138  -0.7305705875003642
1.699341908443159  -0.7179936406803071
1.695783473144335  -0.705344894496182
1.692288459498197  -0.6926256138226072
1.688857217006109  -0.6798370705876503
1.685490088792321  -0.6669805436456346
1.682187411569653  -0.6540573186492543
1.678949515605828  -0.6410686879210091
1.675776724690443  -0.6280159503239718
1.672669356102588  -0.6149004111319021
1.669627720579124  -0.6017233818987192
1.666652122283601  -0.5884861803273465
1.66374285877585  -0.575190130137941
1.660900220982221  -0.5618365609355217
1.658124493166495  -0.5484268080770088
1.655415952901451  -0.5349622125376883
1.652774871041118  -0.521444120777114
1.65020151169368  -0.507873884604462
1.647696132195073  -0.4942528610433496
1.645258983083247  -0.4805824121961328
1.642890308073112  -0.4668639051076964
1.64059034403217  -0.4530987116287492
1.638359320956825  -0.4392882082786391
1.636197461949384  -0.4254337761077012
1.634104983195747  -0.4115368005591525
1.632082093943792  -0.3975986713305479
1.630128996482442  -0.3836207822348102
1.628245886121444  -0.3696045310608491
1.626432951171833  -0.3555513194337818
1.624690372927106  -0.3414625526747712
1.623018325645086  -0.3273396396604932
1.621416976530501  -0.3131839926822491
1.619886485718263  -0.2989970273047367
1.618427006257454  -0.2847801622244939
1.617038684096018  -0.2705348191280286
1.615721658066173  -0.2562624225496505
1.614476059870522  -0.2419643997290174
1.613302014068883  -0.2276421804684115
1.612199638065837  -0.2132971969897587
1.611169042098985  -0.1989308837914069
1.610210329227923  -0.184544677504676
1.609323595323938  -0.1701400167501946
1.608508929060421  -0.1557183419940382
1.607766411903998  -0.1412810954036824
1.607096118106385  -0.1268297207037862
1.60649811469696  -0.1123656630318196
1.605972461476066  -0.0978903687935499
1.605519211009025  -0.08340528551840082
1.605138408620882  -0.06891186171469989
1.604830092391878  -0.05441154672482749
1.604594293153634  -0.03990579058028261
1.604431034486075  -0.0253960438566797
1.604340332715067  -0.01088375752869112
1.604322196910788  0.003629617175050326
1.604376628886818  0.01814262891707427
1.604503623199959  0.03265382639620651
1.60470316715078  0.04716175849269913
1.604975240784886  0.06166497441334248
1.605319816894913  0.07616202383654448
1.605736861023251  0.09065145705736283
1.606226331465487  0.1051318251324755
1.606788179274576  0.1196016800250748
1.607422348265738  0.1340595747496717
1.608128775022073  0.1485040635167936
1.608907388900906  0.1629337018775638
1.609758112040848  0.1773470468681463
1.610680859369587  0.1917426571540419
1.611675538612389  0.2061190931742222
1.612742050301329  0.220474917285085
1.61388028778524  0.2348086939042193
1.615090137240372  0.2491189896539632
1.616371477681779  0.2634043735047417
1.617724180975419  0.2776634169181698
1.619148111850961  0.291894693989906
1.620643127915318  0.3060967815922432
1.622209079666884  0.3202682595164212
1.623845810510482  0.3344077106146475
1.62555315677303  0.3485137209418124
1.6273309477199  0.362584879896883
1.629179005571999  0.376619780363964
1.63109714552354  0.3906170188530086
1.633085175760529  0.4045751956401679
1.635142897479942  0.4184929149077632
1.637270104909607  0.4323687848838677
1.63946658532878  0.4462014179814838
1.641732119089421  0.4599894309373018
1.644066479638153  0.4737314449500261
1.646469433538922  0.4874260858182554
1.648940740496336  0.5010719840779028
1.651480153379701  0.5146677751391424
1.654087418247727  0.5282120994228681
1.656762274373929  0.5417036024966515
1.659504454272694  0.5551409352101853
1.662313683726031  0.568522753830198
1.665189681810996  0.5818477201748278
1.668132160927779  0.59511450174744
1.67114082682847  0.6083217718698775
1.674215378646478  0.621468209815128
1.677355508926621  0.634552500939397
1.680560903655872  0.6475733368135721
1.683831242294757  0.6605294153540658
1.687166197809413  0.6734194409530242
1.690565436704287  0.6862421246078872
1.694028619055491  0.6989961840502895
1.69755539854479  0.7116803438742867
1.701145422494234  0.7242933356638964
1.704798331901429  0.7368338981199398
1.708513761475434  0.7493007771861713
1.712291339673291  0.7616927261746841
1.716130688737181  0.7740085058905793
1.720031424732197  0.7862468847558856
1.723993157584739  0.7984066389327162
1.728015491121524  0.8104865524456536
1.732098023109196  0.8224854173033463
1.736240345294557  0.8344020336193088
1.740442043445389  0.8462352097319092
1.744702697391876  0.8579837623235366
1.749021881068624  0.8696465165389315
1.753399162557266  0.8812223061026726
1.757834104129651  0.8927099734358034
1.762326262291624  0.9041083697715906
1.766875187827367  0.9154163552704007
1.771480425844328  0.9266327991336837
1.776141515818704  0.9377565797170533
1.780857991641498  0.9487865846424512
1.785629381665128  0.959721710909385
1.790455208750592  0.9705608650052279
1.795334990315181  0.9813029630145702
1.800268238380738  0.9919469307276111
1.805254459622457  1.002491703747579
1.810293155418214  1.012936227597172
1.815383821898429  1.023279457824006
1.820525949996454  1.033520360105057
1.825719025499479  1.043657910350098
1.830962529099954  1.053691094804104
1.83625593644752  1.063618910148629
1.841598718201441  1.073440363602139
1.846990340083541  1.083154473019289
1.852430262931634  1.092760266989138
1.857917942753433  1.102256784932287
1.863452830780956  1.111643077196943
1.869034373525402  1.120918205153879
1.874662012832495  1.1300812412903
1.880335185938305  1.139131269302592
1.886053325525521  1.148067384187954
1.891815859780185  1.156888692334897
1.89762221244887  1.165594311612606
1.903471802896311  1.174183371459154
1.909364046163462  1.182655012968556
1.915298353025996  1.191008388976662
1.921274130053228  1.19924266414587
1.927290779667455  1.207357015048663
1.933347700203715  1.215350630249951
1.939444285969954  1.223222710388215
1.945579927307597  1.230972468255439
1.951754010652509  1.238599128875838
1.957965918596355  1.246101929583349
1.964215029948342  1.253480120097902
1.970500719797334  1.260732962600446
1.976822359574346  1.267859731806729
1.983179317115401  1.274859715039832
1.989570956724745  1.28173221230143
1.995996639238415  1.288476536341798
2.002455722088162  1.295092012728533
2.008947559365701  1.301577979913994
2.015471501887303  1.307933789301464
2.022026897258716  1.314158805310004
2.028613089940403  1.320252405438012
2.035229421313096  1.326213980325477
2.041875229743658  1.33204293381491
2.048549850651245  1.337738683010961
2.055252616573767  1.343300658338711
2.061982857234632  1.348728303600627
2.068739899609773  1.354021076032182
2.075523067994954  1.359178446356135
2.082331684073335  1.364199898835452
2.089165066983308  1.369084931324886
2.096022533386583  1.373833055321187
2.10290339753652  1.378443796011956
2.109806971346703  1.382916692323124
2.116732564459751  1.387251296965059
2.123679484316353  1.391447176477298
2.130647036224524  1.395503911271889
2.137634523429072  1.399421095675353
2.144641247181278  1.40319833796925
2.151666506808765  1.40683526042935
2.158709599785571  1.410331499363406
2.165769821802399  1.413686705147526
2.172846466837046  1.416900542261132
2.17993882722501  1.419972689320511
2.187046193730251  1.422902839110958
2.19416785561612  1.425690698617495
2.201303100716427  1.428335989054169
2.208451215506662  1.430838445891938
2.215611485175346  1.433197818885118
2.222783193695513  1.435413872096409
2.229965623896311  1.437486383920491
2.237158057534718  1.439415147106181
2.244359775367372  1.44119996877716
2.25157005722249  1.442840670451261
2.258788182071885  1.444337088058317
2.266013428103073  1.445689071956568
2.273245072791451  1.446896486947622
2.280482392972549  1.447959212289982
2.287724664914351  1.448877141711113
2.29497116438966  1.449650183418073
2.302221166748531  1.450278260106691
2.309473946990727  1.450761308969299
2.316728779838224  1.451099281701009
2.323984939807737  1.451292144504549
2.33124170128327  1.451339878093639
2.338498338588674  1.45124247769492
2.345754126060219  1.450999953048431
2.353008338119158  1.450612328406637
2.360260249344285  1.450079642532003
2.367509134544477  1.449401948693115
2.374754268831216  1.448579314659358
2.381994927691071  1.447611822694135
2.389230387058157  1.446499569546643
